# OCRT canonical Ahn TSM mass-specific absorption coefficient.
# Species: calcareoussand (Calcareous sand).
# Physical relation: a_min(lambda) [m^-1] = a_star_min(lambda) [m^2 g^-1] * TSM [g m^-3].
# Unit of the second column: m^2 g^-1.
#
# Spectral data policy adopted 2026-08-29 (supersedes the 2026-08-10 policy):
#   450-700 nm : previous canonical values, UNCHANGED (bit-identical).
#   400-450 nm : LINEAR blend, value = w*(Mie graft) + (1-w)*(previous canonical),
#                w = (450 - lambda)/50, so w = 1 at 400 nm and w = 0 at 450 nm.
#   330-400 nm : Mie graft. REPLACES the 2026-08-10 OLS linear extrapolation, which
#                extended the 400-420 nm slope downward and therefore missed the b*
#                local minimum near 400 nm (sign of db*/dlambda was reversed).
#   700-750 nm : LINEAR blend, w = (lambda - 700)/50, w = 0 at 700 nm, w = 1 at 750 nm.
#   750-1100 nm: Mie graft.
#   >1100 nm   : previous canonical sparse nodes (1240/1536/1650/1950/2250/3750 nm), UNCHANGED.
#
# Mie graft model (see METHOD.md for the full derivation):
#   lognormal size distribution, untruncated over +-4.5 sigma, sigma = 1.5 FIXED by the
#   g(lambda) spectrum carried in Calcareous_sand_AHN.mie; in-water convention n_med = 1.34;
#   real refractive index nr(lambda) from OPAC mineral (TSM_mineral.inp, 20 nodes).
#   Effective median radius Rmean is the ONLY free parameter and is constrained solely
#   inside the blend window adjacent to each graft point.
#     Rmean_eff (UV, 400-450 nm window)  = 0.4070 um
#     Rmean_eff (NIR, 700-750 nm window) = 0.5464 um   (matched to alpha = 0.802)
#   ni(lambda): UV side inverted from the scale-free ratio a*/b* = Cabs/Csca and extended
#   log-linearly below 400 nm (mineral absorption rises exponentially into the UV);
#   NIR side held FLAT above 750 nm (OPAC mineral ni has a plateau over 760-860 nm and
#   rises again toward 1240 nm, so continuing the visible-band decay is unphysical).
#
# WARNING: Rmean_eff is an EFFECTIVE spectral-slope parameter, not a physical particle size.
#   It disagrees with the g-derived radius (~0.10 um) by a factor of ~4-5. Do NOT use
#   Rmean_eff for phase function, P11/P12/P33 or bb/b. Those remain governed by the
#   Calcareous_sand_AHN.mie phase blocks.
# NOTE: a slope discontinuity at exactly 700 nm is present in the PREVIOUS canonical data
#   itself and is passed through unchanged; it is not introduced by this revision.
# NOTE: this scalar revision does NOT update the Calcareous_sand_AHN.mie phase blocks, nor the bulk
#   Extinct_Co/Scatter_Co columns mirrored into it. Re-mirroring is a separate task.
#
# Provenance: previous file SHA256 = 144abf963675febcc737f33448f03838f943269200e95f2bd893cc8a01ce516c
# Generated by src/regenerate.py of package OCRT_TSM_astar_bstar_MIEgraft_2026-08-29_KST
# wavelength_nm mass_specific_coefficient_m2_per_g
330.000000 6.326961522181e-02
331.000000 6.277355897048e-02
332.000000 6.227931322934e-02
333.000000 6.178833185807e-02
334.000000 6.130750824340e-02
335.000000 6.083085215426e-02
336.000000 6.035447153818e-02
337.000000 5.987992464773e-02
338.000000 5.940797056065e-02
339.000000 5.894517843795e-02
340.000000 5.848742025639e-02
341.000000 5.803020413701e-02
342.000000 5.757467617511e-02
343.000000 5.712117098159e-02
344.000000 5.667525758322e-02
345.000000 5.623565971229e-02
346.000000 5.579709057920e-02
347.000000 5.535986064777e-02
348.000000 5.492450623157e-02
349.000000 5.449449756622e-02
350.000000 5.407200685397e-02
351.000000 5.363402216472e-02
352.000000 5.319706891268e-02
353.000000 5.276223006802e-02
354.000000 5.233167574324e-02
355.000000 5.190891354366e-02
356.000000 5.148880417045e-02
357.000000 5.106978532803e-02
358.000000 5.065297715129e-02
359.000000 5.023951680316e-02
360.000000 4.983325370622e-02
361.000000 4.943037465666e-02
362.000000 4.902872265922e-02
363.000000 4.862924867706e-02
364.000000 4.823235365188e-02
365.000000 4.784171030851e-02
366.000000 4.745533450925e-02
367.000000 4.707048708308e-02
368.000000 4.668761355861e-02
369.000000 4.630695927343e-02
370.000000 4.593113366057e-02
371.000000 4.556040411685e-02
372.000000 4.519173256754e-02
373.000000 4.482477999978e-02
374.000000 4.446004785855e-02
375.000000 4.409859529531e-02
376.000000 4.374244464720e-02
377.000000 4.338923132500e-02
378.000000 4.303764631949e-02
379.000000 4.268828712747e-02
380.000000 4.234121215414e-02
381.000000 4.199857209653e-02
382.000000 4.165992459681e-02
383.000000 4.132319256047e-02
384.000000 4.098845475646e-02
385.000000 4.065584066003e-02
386.000000 4.032621841026e-02
387.000000 4.000091624224e-02
388.000000 3.967842862178e-02
389.000000 3.935765933690e-02
390.000000 3.903914294746e-02
391.000000 3.872271765100e-02
392.000000 3.840977571446e-02
393.000000 3.810042955761e-02
394.000000 3.779328464299e-02
395.000000 3.748800048866e-02
396.000000 3.718492838879e-02
397.000000 3.688414634124e-02
398.000000 3.658681734573e-02
399.000000 3.629242921799e-02
400.000000 3.600000000000e-02
401.000000 3.570471949444e-02
402.000000 3.541933565091e-02
403.000000 3.513210524302e-02
404.000000 3.484745678173e-02
405.000000 3.457454385324e-02
406.000000 3.430671408995e-02
407.000000 3.403003835089e-02
408.000000 3.377038940371e-02
409.000000 3.349810354746e-02
410.000000 3.324707175695e-02
411.000000 3.300064455567e-02
412.000000 3.275852107395e-02
413.000000 3.250442806525e-02
414.000000 3.227787113375e-02
415.000000 3.202504714441e-02
416.000000 3.180377199253e-02
417.000000 3.158562543227e-02
418.000000 3.133435926975e-02
419.000000 3.108198982957e-02
420.000000 3.086837918058e-02
421.000000 3.061559870511e-02
422.000000 3.044960740628e-02
423.000000 3.019805359387e-02
424.000000 2.994466821196e-02
425.000000 2.973940726199e-02
426.000000 2.953619770301e-02
427.000000 2.933499259187e-02
428.000000 2.907980822647e-02
429.000000 2.882242490753e-02
430.000000 2.856258657115e-02
431.000000 2.836215477132e-02
432.000000 2.809908924541e-02
433.000000 2.789929554137e-02
434.000000 2.770076552930e-02
435.000000 2.743339229094e-02
436.000000 2.716297582818e-02
437.000000 2.696335325112e-02
438.000000 2.676444671425e-02
439.000000 2.648816740961e-02
440.000000 2.628844581269e-02
441.000000 2.600722632924e-02
442.000000 2.580637495411e-02
443.000000 2.560575123212e-02
444.000000 2.531708490332e-02
445.000000 2.511451868357e-02
446.000000 2.491195956272e-02
447.000000 2.470932773953e-02
448.000000 2.441052817865e-02
449.000000 2.430345100607e-02
450.000000 2.400000000000e-02
451.000000 2.380000000000e-02
452.000000 2.360000000000e-02
453.000000 2.330000000000e-02
454.000000 2.320000000000e-02
455.000000 2.300000000000e-02
456.000000 2.290000000000e-02
457.000000 2.260000000000e-02
458.000000 2.240000000000e-02
459.000000 2.220000000000e-02
460.000000 2.210000000000e-02
461.000000 2.200000000000e-02
462.000000 2.180000000000e-02
463.000000 2.160000000000e-02
464.000000 2.140000000000e-02
465.000000 2.130000000000e-02
466.000000 2.120000000000e-02
467.000000 2.100000000000e-02
468.000000 2.080000000000e-02
469.000000 2.080000000000e-02
470.000000 2.060000000000e-02
471.000000 2.050000000000e-02
472.000000 2.030000000000e-02
473.000000 2.020000000000e-02
474.000000 2.020000000000e-02
475.000000 2.000000000000e-02
476.000000 1.990000000000e-02
477.000000 1.980000000000e-02
478.000000 1.970000000000e-02
479.000000 1.960000000000e-02
480.000000 1.950000000000e-02
481.000000 1.940000000000e-02
482.000000 1.934000000000e-02
483.000000 1.926000000000e-02
484.000000 1.920000000000e-02
485.000000 1.903000000000e-02
486.000000 1.897000000000e-02
487.000000 1.892000000000e-02
488.000000 1.887000000000e-02
489.000000 1.881000000000e-02
490.000000 1.866000000000e-02
491.000000 1.860000000000e-02
492.000000 1.855000000000e-02
493.000000 1.849000000000e-02
494.000000 1.842000000000e-02
495.000000 1.835000000000e-02
496.000000 1.828000000000e-02
497.000000 1.821000000000e-02
498.000000 1.814000000000e-02
499.000000 1.807000000000e-02
500.000000 1.800000000000e-02
501.000000 1.793000000000e-02
502.000000 1.786000000000e-02
503.000000 1.778000000000e-02
504.000000 1.772000000000e-02
505.000000 1.764000000000e-02
506.000000 1.757000000000e-02
507.000000 1.749000000000e-02
508.000000 1.741000000000e-02
509.000000 1.733000000000e-02
510.000000 1.725000000000e-02
511.000000 1.717000000000e-02
512.000000 1.709000000000e-02
513.000000 1.701000000000e-02
514.000000 1.693000000000e-02
515.000000 1.685000000000e-02
516.000000 1.677000000000e-02
517.000000 1.668000000000e-02
518.000000 1.660000000000e-02
519.000000 1.652000000000e-02
520.000000 1.643000000000e-02
521.000000 1.635000000000e-02
522.000000 1.626000000000e-02
523.000000 1.617000000000e-02
524.000000 1.608000000000e-02
525.000000 1.600000000000e-02
526.000000 1.592000000000e-02
527.000000 1.582000000000e-02
528.000000 1.574000000000e-02
529.000000 1.565000000000e-02
530.000000 1.556000000000e-02
531.000000 1.547000000000e-02
532.000000 1.538000000000e-02
533.000000 1.530000000000e-02
534.000000 1.521000000000e-02
535.000000 1.512000000000e-02
536.000000 1.503000000000e-02
537.000000 1.495000000000e-02
538.000000 1.487000000000e-02
539.000000 1.478000000000e-02
540.000000 1.470000000000e-02
541.000000 1.462000000000e-02
542.000000 1.454000000000e-02
543.000000 1.447000000000e-02
544.000000 1.439000000000e-02
545.000000 1.432000000000e-02
546.000000 1.425000000000e-02
547.000000 1.418000000000e-02
548.000000 1.412000000000e-02
549.000000 1.406000000000e-02
550.000000 1.400000000000e-02
551.000000 1.394000000000e-02
552.000000 1.389000000000e-02
553.000000 1.384000000000e-02
554.000000 1.379000000000e-02
555.000000 1.374000000000e-02
556.000000 1.370000000000e-02
557.000000 1.365000000000e-02
558.000000 1.361000000000e-02
559.000000 1.357000000000e-02
560.000000 1.353000000000e-02
561.000000 1.349000000000e-02
562.000000 1.346000000000e-02
563.000000 1.342000000000e-02
564.000000 1.339000000000e-02
565.000000 1.336000000000e-02
566.000000 1.333000000000e-02
567.000000 1.329000000000e-02
568.000000 1.325000000000e-02
569.000000 1.321000000000e-02
570.000000 1.318000000000e-02
571.000000 1.314000000000e-02
572.000000 1.311000000000e-02
573.000000 1.308000000000e-02
574.000000 1.304000000000e-02
575.000000 1.300000000000e-02
576.000000 1.296000000000e-02
577.000000 1.291000000000e-02
578.000000 1.288000000000e-02
579.000000 1.283000000000e-02
580.000000 1.279000000000e-02
581.000000 1.275000000000e-02
582.000000 1.270000000000e-02
583.000000 1.266000000000e-02
584.000000 1.261000000000e-02
585.000000 1.256000000000e-02
586.000000 1.251000000000e-02
587.000000 1.247000000000e-02
588.000000 1.243000000000e-02
589.000000 1.239000000000e-02
590.000000 1.234000000000e-02
591.000000 1.229000000000e-02
592.000000 1.225000000000e-02
593.000000 1.222000000000e-02
594.000000 1.217000000000e-02
595.000000 1.214000000000e-02
596.000000 1.211000000000e-02
597.000000 1.207000000000e-02
598.000000 1.205000000000e-02
599.000000 1.202000000000e-02
600.000000 1.200000000000e-02
601.000000 1.198000000000e-02
602.000000 1.196000000000e-02
603.000000 1.194000000000e-02
604.000000 1.193000000000e-02
605.000000 1.192000000000e-02
606.000000 1.191000000000e-02
607.000000 1.191000000000e-02
608.000000 1.189000000000e-02
609.000000 1.189000000000e-02
610.000000 1.189000000000e-02
611.000000 1.189000000000e-02
612.000000 1.190000000000e-02
613.000000 1.190000000000e-02
614.000000 1.190000000000e-02
615.000000 1.191000000000e-02
616.000000 1.191000000000e-02
617.000000 1.192000000000e-02
618.000000 1.194000000000e-02
619.000000 1.194000000000e-02
620.000000 1.195000000000e-02
621.000000 1.196000000000e-02
622.000000 1.197000000000e-02
623.000000 1.198000000000e-02
624.000000 1.199000000000e-02
625.000000 1.200000000000e-02
626.000000 1.201000000000e-02
627.000000 1.202000000000e-02
628.000000 1.203000000000e-02
629.000000 1.204000000000e-02
630.000000 1.205000000000e-02
631.000000 1.206000000000e-02
632.000000 1.207000000000e-02
633.000000 1.208000000000e-02
634.000000 1.209000000000e-02
635.000000 1.209000000000e-02
636.000000 1.209000000000e-02
637.000000 1.210000000000e-02
638.000000 1.210000000000e-02
639.000000 1.209000000000e-02
640.000000 1.210000000000e-02
641.000000 1.210000000000e-02
642.000000 1.209000000000e-02
643.000000 1.209000000000e-02
644.000000 1.208000000000e-02
645.000000 1.208000000000e-02
646.000000 1.207000000000e-02
647.000000 1.206000000000e-02
648.000000 1.204000000000e-02
649.000000 1.202000000000e-02
650.000000 1.200000000000e-02
651.000000 1.197000000000e-02
652.000000 1.196000000000e-02
653.000000 1.193000000000e-02
654.000000 1.190000000000e-02
655.000000 1.187000000000e-02
656.000000 1.184000000000e-02
657.000000 1.180000000000e-02
658.000000 1.176000000000e-02
659.000000 1.173000000000e-02
660.000000 1.169000000000e-02
661.000000 1.165000000000e-02
662.000000 1.160000000000e-02
663.000000 1.157000000000e-02
664.000000 1.152000000000e-02
665.000000 1.147000000000e-02
666.000000 1.143000000000e-02
667.000000 1.138000000000e-02
668.000000 1.133000000000e-02
669.000000 1.129000000000e-02
670.000000 1.124000000000e-02
671.000000 1.119000000000e-02
672.000000 1.114000000000e-02
673.000000 1.110000000000e-02
674.000000 1.104000000000e-02
675.000000 1.100000000000e-02
676.000000 1.095000000000e-02
677.000000 1.091000000000e-02
678.000000 1.086000000000e-02
679.000000 1.082000000000e-02
680.000000 1.077000000000e-02
681.000000 1.073000000000e-02
682.000000 1.068000000000e-02
683.000000 1.064000000000e-02
684.000000 1.059000000000e-02
685.000000 1.055000000000e-02
686.000000 1.051000000000e-02
687.000000 1.046000000000e-02
688.000000 1.043000000000e-02
689.000000 1.039000000000e-02
690.000000 1.035000000000e-02
691.000000 1.031000000000e-02
692.000000 1.027000000000e-02
693.000000 1.024000000000e-02
694.000000 1.020000000000e-02
695.000000 1.016000000000e-02
696.000000 1.013000000000e-02
697.000000 1.010000000000e-02
698.000000 1.006000000000e-02
699.000000 1.003000000000e-02
700.000000 1.000000000000e-02
701.000000 9.980075556876e-03
702.000000 9.969954835755e-03
703.000000 9.950240691556e-03
704.000000 9.939935707763e-03
705.000000 9.920442204810e-03
706.000000 9.909962396753e-03
707.000000 9.890698503613e-03
708.000000 9.880052789718e-03
709.000000 9.861027643589e-03
710.000000 9.850225724132e-03
711.000000 9.831449985920e-03
712.000000 9.828103426438e-03
713.000000 9.801988698805e-03
714.000000 9.783707915299e-03
715.000000 9.779662825938e-03
716.000000 9.761455189298e-03
717.000000 9.750086996812e-03
718.000000 9.732160482968e-03
719.000000 9.720678097601e-03
720.000000 9.703042546661e-03
721.000000 9.691456816057e-03
722.000000 9.674124013694e-03
723.000000 9.667847004284e-03
724.000000 9.650628042297e-03
725.000000 9.633668693750e-03
726.000000 9.621770144343e-03
727.000000 9.609733651296e-03
728.000000 9.597560823339e-03
729.000000 9.585253683093e-03
730.000000 9.568814665842e-03
731.000000 9.552646633976e-03
732.000000 9.540352810583e-03
733.000000 9.527936502555e-03
734.000000 9.515400658213e-03
735.000000 9.499747485489e-03
736.000000 9.484378375197e-03
737.000000 9.474494213105e-03
738.000000 9.459295896969e-03
739.000000 9.442184748469e-03
740.000000 9.431762670197e-03
741.000000 9.419032109263e-03
742.000000 9.404595922837e-03
743.000000 9.390457171622e-03
744.000000 9.377818834158e-03
745.000000 9.366083473925e-03
746.000000 9.353052973284e-03
747.000000 9.339328508369e-03
748.000000 9.326310856398e-03
749.000000 9.313000893229e-03
750.000000 9.300000000000e-03
751.000000 9.286632387151e-03
752.000000 9.273299277752e-03
753.000000 9.260001546879e-03
754.000000 9.246740047748e-03
755.000000 9.233515384683e-03
756.000000 9.220327754372e-03
757.000000 9.207176836047e-03
758.000000 9.194061786819e-03
759.000000 9.180981422078e-03
760.000000 9.167934545924e-03
761.000000 9.155250796066e-03
762.000000 9.142598355877e-03
763.000000 9.129977389268e-03
764.000000 9.117388450388e-03
765.000000 9.104832264892e-03
766.000000 9.092309511856e-03
767.000000 9.079820655091e-03
768.000000 9.067365818027e-03
769.000000 9.054944709857e-03
770.000000 9.042556651408e-03
771.000000 9.030200728754e-03
772.000000 9.017876035678e-03
773.000000 9.005581922337e-03
774.000000 8.993318162315e-03
775.000000 8.981084972625e-03
776.000000 8.968882878751e-03
777.000000 8.956712489956e-03
778.000000 8.944574278835e-03
779.000000 8.932468425523e-03
780.000000 8.920394744830e-03
781.000000 8.908352703267e-03
782.000000 8.896341528324e-03
783.000000 8.884360388607e-03
784.000000 8.872408597947e-03
785.000000 8.860485787589e-03
786.000000 8.848591992483e-03
787.000000 8.836727613399e-03
788.000000 8.824893259674e-03
789.000000 8.813089530773e-03
790.000000 8.801316817142e-03
791.000000 8.789575179695e-03
792.000000 8.777864329363e-03
793.000000 8.766183697947e-03
794.000000 8.754532572321e-03
795.000000 8.742910252768e-03
796.000000 8.731316196264e-03
797.000000 8.719750114466e-03
798.000000 8.708212006000e-03
799.000000 8.696702113344e-03
800.000000 8.685220814495e-03
801.000000 8.673768482572e-03
802.000000 8.662345356955e-03
803.000000 8.650951461037e-03
804.000000 8.639586584083e-03
805.000000 8.628250326852e-03
806.000000 8.616942194330e-03
807.000000 8.605661706166e-03
808.000000 8.594408493034e-03
809.000000 8.583182356791e-03
810.000000 8.571983285855e-03
811.000000 8.560811427146e-03
812.000000 8.549667022822e-03
813.000000 8.538550326403e-03
814.000000 8.527461517564e-03
815.000000 8.516400634944e-03
816.000000 8.505367542065e-03
817.000000 8.494361934685e-03
818.000000 8.483383389058e-03
819.000000 8.472431440148e-03
820.000000 8.461505669743e-03
821.000000 8.450605781684e-03
822.000000 8.439731645676e-03
823.000000 8.428883300135e-03
824.000000 8.418060915194e-03
825.000000 8.407264726978e-03
826.000000 8.396494960358e-03
827.000000 8.385751757943e-03
828.000000 8.375035129319e-03
829.000000 8.364344929880e-03
830.000000 8.353680874271e-03
831.000000 8.343042583868e-03
832.000000 8.332429659179e-03
833.000000 8.321841759218e-03
834.000000 8.311278665808e-03
835.000000 8.300740314555e-03
836.000000 8.290226784430e-03
837.000000 8.279738250331e-03
838.000000 8.269274912795e-03
839.000000 8.258836923919e-03
840.000000 8.248424327582e-03
841.000000 8.238037027404e-03
842.000000 8.227674788893e-03
843.000000 8.217337274888e-03
844.000000 8.207024106130e-03
845.000000 8.196734932604e-03
846.000000 8.186469498041e-03
847.000000 8.176227681353e-03
848.000000 8.166009504685e-03
849.000000 8.155815106503e-03
850.000000 8.145644686943e-03
851.000000 8.135498439315e-03
852.000000 8.125376484858e-03
853.000000 8.115278826536e-03
854.000000 8.105205332649e-03
855.000000 8.095155753225e-03
856.000000 8.085129763994e-03
857.000000 8.075127026475e-03
858.000000 8.065147249279e-03
859.000000 8.055190235915e-03
860.000000 8.045255908077e-03
861.000000 8.035452853864e-03
862.000000 8.025672341062e-03
863.000000 8.015914510587e-03
864.000000 8.006179479943e-03
865.000000 7.996467297942e-03
866.000000 7.986777917361e-03
867.000000 7.977111190818e-03
868.000000 7.967466889755e-03
869.000000 7.957844741434e-03
870.000000 7.948244475332e-03
871.000000 7.938665868268e-03
872.000000 7.929108777887e-03
873.000000 7.919573156687e-03
874.000000 7.910059043477e-03
875.000000 7.900566534966e-03
876.000000 7.891095745137e-03
877.000000 7.881646762849e-03
878.000000 7.872219617557e-03
879.000000 7.862814260184e-03
880.000000 7.853430562008e-03
881.000000 7.844068330472e-03
882.000000 7.834727337634e-03
883.000000 7.825407354915e-03
884.000000 7.816108186698e-03
885.000000 7.806829695664e-03
886.000000 7.797571814386e-03
887.000000 7.788334540993e-03
888.000000 7.779117920501e-03
889.000000 7.769922016826e-03
890.000000 7.760746882463e-03
891.000000 7.751592532688e-03
892.000000 7.742458929479e-03
893.000000 7.733345977706e-03
894.000000 7.724253533489e-03
895.000000 7.715181422387e-03
896.000000 7.706129463300e-03
897.000000 7.697097493040e-03
898.000000 7.688085386380e-03
899.000000 7.679093067239e-03
900.000000 7.670120508861e-03
901.000000 7.661167723346e-03
902.000000 7.652234743537e-03
903.000000 7.643321601704e-03
904.000000 7.634428309865e-03
905.000000 7.625554845536e-03
906.000000 7.616701145260e-03
907.000000 7.607867106504e-03
908.000000 7.599052597013e-03
909.000000 7.590257469518e-03
910.000000 7.581481578793e-03
911.000000 7.572724797680e-03
912.000000 7.563987028892e-03
913.000000 7.555268210249e-03
914.000000 7.546568312518e-03
915.000000 7.537887330709e-03
916.000000 7.529225271094e-03
917.000000 7.520582136946e-03
918.000000 7.511957915977e-03
919.000000 7.503352571745e-03
920.000000 7.494766040317e-03
921.000000 7.486198232420e-03
922.000000 7.477649040302e-03
923.000000 7.469118347856e-03
924.000000 7.460606041922e-03
925.000000 7.452112022606e-03
926.000000 7.443636210603e-03
927.000000 7.435178550176e-03
928.000000 7.426739007417e-03
929.000000 7.418317564419e-03
930.000000 7.409914210801e-03
931.000000 7.401528934424e-03
932.000000 7.393161713090e-03
933.000000 7.384812508684e-03
934.000000 7.376481264553e-03
935.000000 7.368167906403e-03
936.000000 7.359872346312e-03
937.000000 7.351594489040e-03
938.000000 7.343334239390e-03
939.000000 7.335091509280e-03
940.000000 7.326866223196e-03
941.000000 7.318658321085e-03
942.000000 7.310467758234e-03
943.000000 7.302294502389e-03
944.000000 7.294138528823e-03
945.000000 7.285999814413e-03
946.000000 7.277878331906e-03
947.000000 7.269774045332e-03
948.000000 7.261686907287e-03
949.000000 7.253616858376e-03
950.000000 7.245563828805e-03
951.000000 7.237527741711e-03
952.000000 7.229508517584e-03
953.000000 7.221506078995e-03
954.000000 7.213520354771e-03
955.000000 7.205551282914e-03
956.000000 7.197598811810e-03
957.000000 7.189662899571e-03
958.000000 7.181743511809e-03
959.000000 7.173840618290e-03
960.000000 7.165954189151e-03
961.000000 7.158084191353e-03
962.000000 7.150230585912e-03
963.000000 7.142393326343e-03
964.000000 7.134572358448e-03
965.000000 7.126767621411e-03
966.000000 7.118979049981e-03
967.000000 7.111206577266e-03
968.000000 7.103450137725e-03
969.000000 7.095709669793e-03
970.000000 7.087985117731e-03
971.000000 7.080276432418e-03
972.000000 7.072583571036e-03
973.000000 7.064906495736e-03
974.000000 7.057245171617e-03
975.000000 7.049599564371e-03
976.000000 7.041969637990e-03
977.000000 7.034355352914e-03
978.000000 7.026756664847e-03
979.000000 7.019173524406e-03
980.000000 7.011605877577e-03
981.000000 7.004053666922e-03
982.000000 6.996516833256e-03
983.000000 6.988995317567e-03
984.000000 6.981489062853e-03
985.000000 6.973998015591e-03
986.000000 6.966522126615e-03
987.000000 6.959061351324e-03
988.000000 6.951615649204e-03
989.000000 6.944184982784e-03
990.000000 6.936769316261e-03
991.000000 6.929368613965e-03
992.000000 6.921982838976e-03
993.000000 6.914611952028e-03
994.000000 6.907255910880e-03
995.000000 6.899914670191e-03
996.000000 6.892588181912e-03
997.000000 6.885276396057e-03
998.000000 6.877979261787e-03
999.000000 6.870696728560e-03
1000.000000 6.863428747221e-03
1001.000000 6.856175270824e-03
1002.000000 6.848936255116e-03
1003.000000 6.841711658603e-03
1004.000000 6.834501442220e-03
1005.000000 6.827305568681e-03
1006.000000 6.820124001610e-03
1007.000000 6.812956704607e-03
1008.000000 6.805803640367e-03
1009.000000 6.798664769979e-03
1010.000000 6.791540052496e-03
1011.000000 6.784429444819e-03
1012.000000 6.777332901891e-03
1013.000000 6.770250377192e-03
1014.000000 6.763181823406e-03
1015.000000 6.756127193240e-03
1016.000000 6.749086440192e-03
1017.000000 6.742059519229e-03
1018.000000 6.735046387244e-03
1019.000000 6.728047003281e-03
1020.000000 6.721061328459e-03
1021.000000 6.714089325670e-03
1022.000000 6.707130959082e-03
1023.000000 6.700186193524e-03
1024.000000 6.693254993872e-03
1025.000000 6.686337324476e-03
1026.000000 6.679433148738e-03
1027.000000 6.672542428859e-03
1028.000000 6.665665125795e-03
1029.000000 6.658801199390e-03
1030.000000 6.651950608707e-03
1031.000000 6.645113312423e-03
1032.000000 6.638289269310e-03
1033.000000 6.631478438659e-03
1034.000000 6.624680780660e-03
1035.000000 6.617896256628e-03
1036.000000 6.611124829092e-03
1037.000000 6.604366461723e-03
1038.000000 6.597621119125e-03
1039.000000 6.590888766512e-03
1040.000000 6.584169369330e-03
1041.000000 6.577462892869e-03
1042.000000 6.570769301920e-03
1043.000000 6.564088560495e-03
1044.000000 6.557420631682e-03
1045.000000 6.550765477619e-03
1046.000000 6.544123059612e-03
1047.000000 6.537493338354e-03
1048.000000 6.530876274239e-03
1049.000000 6.524271827730e-03
1050.000000 6.517679959708e-03
1051.000000 6.511100631802e-03
1052.000000 6.504533806626e-03
1053.000000 6.497979447911e-03
1054.000000 6.491437520532e-03
1055.000000 6.484907990406e-03
1056.000000 6.478390824316e-03
1057.000000 6.471885989651e-03
1058.000000 6.465393454131e-03
1059.000000 6.458913185518e-03
1060.000000 6.452445151389e-03
1061.000000 6.445989318937e-03
1062.000000 6.439545654893e-03
1063.000000 6.433114125493e-03
1064.000000 6.426694696549e-03
1065.000000 6.420287333576e-03
1066.000000 6.413892001955e-03
1067.000000 6.407508667131e-03
1068.000000 6.401137294793e-03
1069.000000 6.394777851022e-03
1070.000000 6.388430302399e-03
1071.000000 6.382094616046e-03
1072.000000 6.375770759602e-03
1073.000000 6.369458701161e-03
1074.000000 6.363158409134e-03
1075.000000 6.356869852101e-03
1076.000000 6.350592998642e-03
1077.000000 6.344327817175e-03
1078.000000 6.338074275828e-03
1079.000000 6.331832342347e-03
1080.000000 6.325601984059e-03
1081.000000 6.319383167878e-03
1082.000000 6.313175860386e-03
1083.000000 6.306980027942e-03
1084.000000 6.300795636826e-03
1085.000000 6.294622653419e-03
1086.000000 6.288461044349e-03
1087.000000 6.282310776658e-03
1088.000000 6.276171817893e-03
1089.000000 6.270044136204e-03
1090.000000 6.263927700355e-03
1091.000000 6.257822479710e-03
1092.000000 6.251728444165e-03
1093.000000 6.245645564063e-03
1094.000000 6.239573810071e-03
1095.000000 6.233513153076e-03
1096.000000 6.227463564057e-03
1097.000000 6.221425014011e-03
1098.000000 6.215397473862e-03
1099.000000 6.209380914442e-03
1100.000000 6.203375306470e-03
1240.000000 5.470000000000e-03
1536.000000 4.370000000000e-03
1650.000000 4.040000000000e-03
1950.000000 3.400000000000e-03
2250.000000 2.920000000000e-03
3750.000000 1.683000000000e-03
-1.0 0.0
