# OCRT canonical Ahn TSM mass-specific scattering coefficient.
# Species: brownearth (Brown earth).
# Physical relation: b_min(lambda) [m^-1] = b_star_min(lambda) [m^2 g^-1] * TSM [g m^-3].
# Unit of the second column: m^2 g^-1.
#
# Spectral data policy adopted 2026-08-29 (supersedes the 2026-08-10 policy):
#   450-700 nm : previous canonical values, UNCHANGED (bit-identical).
#   400-450 nm : LINEAR blend, value = w*(Mie graft) + (1-w)*(previous canonical),
#                w = (450 - lambda)/50, so w = 1 at 400 nm and w = 0 at 450 nm.
#   330-400 nm : Mie graft. REPLACES the 2026-08-10 OLS linear extrapolation, which
#                extended the 400-420 nm slope downward and therefore missed the b*
#                local minimum near 400 nm (sign of db*/dlambda was reversed).
#   700-750 nm : LINEAR blend, w = (lambda - 700)/50, w = 0 at 700 nm, w = 1 at 750 nm.
#   750-1100 nm: Mie graft.
#   >1100 nm   : previous canonical sparse nodes (1240/1536/1650/1950/2250/3750 nm), UNCHANGED.
#
# Mie graft model (see METHOD.md for the full derivation):
#   lognormal size distribution, untruncated over +-4.5 sigma, sigma = 1.5 FIXED by the
#   g(lambda) spectrum carried in Brown_earth_AHN.mie; in-water convention n_med = 1.34;
#   real refractive index nr(lambda) from OPAC mineral (TSM_mineral.inp, 20 nodes).
#   Effective median radius Rmean is the ONLY free parameter and is constrained solely
#   inside the blend window adjacent to each graft point.
#     Rmean_eff (UV, 400-450 nm window)  = 0.5842 um
#     Rmean_eff (NIR, 700-750 nm window) = 0.5908 um   (matched to alpha = 0.636)
#   ni(lambda): UV side inverted from the scale-free ratio a*/b* = Cabs/Csca and extended
#   log-linearly below 400 nm (mineral absorption rises exponentially into the UV);
#   NIR side held FLAT above 750 nm (OPAC mineral ni has a plateau over 760-860 nm and
#   rises again toward 1240 nm, so continuing the visible-band decay is unphysical).
#
# WARNING: Rmean_eff is an EFFECTIVE spectral-slope parameter, not a physical particle size.
#   It disagrees with the g-derived radius (~0.10 um) by a factor of ~4-5. Do NOT use
#   Rmean_eff for phase function, P11/P12/P33 or bb/b. Those remain governed by the
#   Brown_earth_AHN.mie phase blocks.
# NOTE: a slope discontinuity at exactly 700 nm is present in the PREVIOUS canonical data
#   itself and is passed through unchanged; it is not introduced by this revision.
# NOTE: this scalar revision does NOT update the Brown_earth_AHN.mie phase blocks, nor the bulk
#   Extinct_Co/Scatter_Co columns mirrored into it. Re-mirroring is a separate task.
#
# Provenance: previous file SHA256 = f82c8be23a2733ac0520cb8a02920df5ebbf727b71ef1af927fc29d8069ed2cc
# Generated by src/regenerate.py of package OCRT_TSM_astar_bstar_MIEgraft_2026-08-29_KST
# wavelength_nm mass_specific_coefficient_m2_per_g
330.000000 5.582166407784e-01
331.000000 5.600022109042e-01
332.000000 5.617908472047e-01
333.000000 5.635816530525e-01
334.000000 5.653731194214e-01
335.000000 5.671651959240e-01
336.000000 5.689590868534e-01
337.000000 5.707556143188e-01
338.000000 5.725540258771e-01
339.000000 5.743526537228e-01
340.000000 5.761511774244e-01
341.000000 5.779507851573e-01
342.000000 5.797525486062e-01
343.000000 5.815560373446e-01
344.000000 5.833594773029e-01
345.000000 5.851620956907e-01
346.000000 5.869649269138e-01
347.000000 5.887693008794e-01
348.000000 5.905752992804e-01
349.000000 5.923812408278e-01
350.000000 5.941857578887e-01
351.000000 5.962191963070e-01
352.000000 5.982568687905e-01
353.000000 6.002993902808e-01
354.000000 6.023450599759e-01
355.000000 6.043919034171e-01
356.000000 6.064403327222e-01
357.000000 6.084920857160e-01
358.000000 6.105480908717e-01
359.000000 6.126069185293e-01
360.000000 6.146662975748e-01
361.000000 6.167261907054e-01
362.000000 6.187883000380e-01
363.000000 6.208539344452e-01
364.000000 6.229221799854e-01
365.000000 6.249905564738e-01
366.000000 6.270583468595e-01
367.000000 6.291270404425e-01
368.000000 6.311982950931e-01
369.000000 6.332719525564e-01
370.000000 6.353456161560e-01
371.000000 6.374177224632e-01
372.000000 6.394892512646e-01
373.000000 6.415620568313e-01
374.000000 6.436368521879e-01
375.000000 6.457118148654e-01
376.000000 6.477846091889e-01
377.000000 6.498553037102e-01
378.000000 6.519256650529e-01
379.000000 6.539971523880e-01
380.000000 6.560690327686e-01
381.000000 6.581387035018e-01
382.000000 6.602049812058e-01
383.000000 6.622690910374e-01
384.000000 6.643328785379e-01
385.000000 6.663969077928e-01
386.000000 6.684592101749e-01
387.000000 6.705174647963e-01
388.000000 6.725717352504e-01
389.000000 6.746237508759e-01
390.000000 6.766750451369e-01
391.000000 6.787251056906e-01
392.000000 6.807713817817e-01
393.000000 6.828123608387e-01
394.000000 6.848489611726e-01
395.000000 6.868830158162e-01
396.000000 6.889155253351e-01
397.000000 6.909450767939e-01
398.000000 6.929691241082e-01
399.000000 6.949869773100e-01
400.000000 6.970000000000e-01
401.000000 6.991277422005e-01
402.000000 7.012641727325e-01
403.000000 7.034103627392e-01
404.000000 7.055666332303e-01
405.000000 7.077338410201e-01
406.000000 7.099162486810e-01
407.000000 7.121186434885e-01
408.000000 7.143416215158e-01
409.000000 7.165815556317e-01
410.000000 7.188321120163e-01
411.000000 7.210975061543e-01
412.000000 7.233842841475e-01
413.000000 7.254348711708e-01
414.000000 7.275120988414e-01
415.000000 7.296047014590e-01
416.000000 7.317157215314e-01
417.000000 7.338510360699e-01
418.000000 7.360042189490e-01
419.000000 7.381594056709e-01
420.000000 7.403125718878e-01
421.000000 7.424629804051e-01
422.000000 7.446109825759e-01
423.000000 7.467495525421e-01
424.000000 7.488666552080e-01
425.000000 7.509436140611e-01
426.000000 7.529795760550e-01
427.000000 7.549844262984e-01
428.000000 7.569535367710e-01
429.000000 7.588713866252e-01
430.000000 7.607454944080e-01
431.000000 7.625664824456e-01
432.000000 7.643367119900e-01
433.000000 7.660653194739e-01
434.000000 7.677354683784e-01
435.000000 7.693570511305e-01
436.000000 7.709205189764e-01
437.000000 7.724305403151e-01
438.000000 7.738924950643e-01
439.000000 7.753044482162e-01
440.000000 7.766720843105e-01
441.000000 7.779855084117e-01
442.000000 7.792511687339e-01
443.000000 7.804679615040e-01
444.000000 7.816572358049e-01
445.000000 7.828034206725e-01
446.000000 7.839148933618e-01
447.000000 7.849819640779e-01
448.000000 7.860134965545e-01
449.000000 7.870193048313e-01
450.000000 7.880000000000e-01
451.000000 7.888700000000e-01
452.000000 7.897300000000e-01
453.000000 7.906000000000e-01
454.000000 7.914700000000e-01
455.000000 7.923300000000e-01
456.000000 7.931900000000e-01
457.000000 7.940600000000e-01
458.000000 7.949200000000e-01
459.000000 7.957700000000e-01
460.000000 7.966200000000e-01
461.000000 7.974600000000e-01
462.000000 7.983000000000e-01
463.000000 7.991300000000e-01
464.000000 7.999500000000e-01
465.000000 8.007500000000e-01
466.000000 8.015400000000e-01
467.000000 8.023200000000e-01
468.000000 8.030900000000e-01
469.000000 8.038500000000e-01
470.000000 8.045800000000e-01
471.000000 8.053000000000e-01
472.000000 8.060000000000e-01
473.000000 8.066900000000e-01
474.000000 8.073600000000e-01
475.000000 8.080000000000e-01
476.000000 8.086200000000e-01
477.000000 8.092200000000e-01
478.000000 8.098000000000e-01
479.000000 8.103500000000e-01
480.000000 8.108900000000e-01
481.000000 8.114000000000e-01
482.000000 8.119000000000e-01
483.000000 8.123800000000e-01
484.000000 8.128400000000e-01
485.000000 8.132800000000e-01
486.000000 8.137000000000e-01
487.000000 8.141100000000e-01
488.000000 8.145000000000e-01
489.000000 8.148700000000e-01
490.000000 8.152300000000e-01
491.000000 8.155700000000e-01
492.000000 8.159000000000e-01
493.000000 8.162100000000e-01
494.000000 8.165100000000e-01
495.000000 8.167900000000e-01
496.000000 8.170600000000e-01
497.000000 8.173100000000e-01
498.000000 8.175500000000e-01
499.000000 8.177800000000e-01
500.000000 8.180000000000e-01
501.000000 8.182000000000e-01
502.000000 8.184000000000e-01
503.000000 8.185800000000e-01
504.000000 8.187600000000e-01
505.000000 8.189300000000e-01
506.000000 8.191000000000e-01
507.000000 8.192500000000e-01
508.000000 8.194100000000e-01
509.000000 8.195600000000e-01
510.000000 8.197200000000e-01
511.000000 8.198800000000e-01
512.000000 8.200400000000e-01
513.000000 8.202000000000e-01
514.000000 8.203600000000e-01
515.000000 8.205400000000e-01
516.000000 8.207300000000e-01
517.000000 8.209200000000e-01
518.000000 8.211300000000e-01
519.000000 8.213500000000e-01
520.000000 8.215800000000e-01
521.000000 8.218300000000e-01
522.000000 8.221000000000e-01
523.000000 8.223800000000e-01
524.000000 8.226800000000e-01
525.000000 8.230000000000e-01
526.000000 8.233400000000e-01
527.000000 8.237100000000e-01
528.000000 8.241000000000e-01
529.000000 8.245000000000e-01
530.000000 8.249100000000e-01
531.000000 8.253300000000e-01
532.000000 8.257700000000e-01
533.000000 8.262200000000e-01
534.000000 8.266700000000e-01
535.000000 8.271200000000e-01
536.000000 8.275700000000e-01
537.000000 8.280300000000e-01
538.000000 8.284900000000e-01
539.000000 8.289400000000e-01
540.000000 8.293800000000e-01
541.000000 8.298100000000e-01
542.000000 8.302400000000e-01
543.000000 8.306500000000e-01
544.000000 8.310500000000e-01
545.000000 8.314200000000e-01
546.000000 8.317800000000e-01
547.000000 8.321200000000e-01
548.000000 8.324500000000e-01
549.000000 8.327500000000e-01
550.000000 8.330000000000e-01
551.000000 8.332300000000e-01
552.000000 8.334600000000e-01
553.000000 8.336600000000e-01
554.000000 8.338000000000e-01
555.000000 8.338700000000e-01
556.000000 8.338900000000e-01
557.000000 8.339000000000e-01
558.000000 8.339100000000e-01
559.000000 8.339200000000e-01
560.000000 8.339200000000e-01
561.000000 8.338700000000e-01
562.000000 8.337300000000e-01
563.000000 8.335200000000e-01
564.000000 8.332900000000e-01
565.000000 8.330400000000e-01
566.000000 8.327600000000e-01
567.000000 8.324200000000e-01
568.000000 8.320200000000e-01
569.000000 8.315800000000e-01
570.000000 8.311100000000e-01
571.000000 8.306000000000e-01
572.000000 8.300200000000e-01
573.000000 8.293900000000e-01
574.000000 8.287100000000e-01
575.000000 8.280000000000e-01
576.000000 8.272400000000e-01
577.000000 8.264100000000e-01
578.000000 8.255200000000e-01
579.000000 8.246000000000e-01
580.000000 8.236400000000e-01
581.000000 8.226400000000e-01
582.000000 8.215900000000e-01
583.000000 8.204900000000e-01
584.000000 8.193600000000e-01
585.000000 8.182100000000e-01
586.000000 8.170300000000e-01
587.000000 8.158100000000e-01
588.000000 8.145500000000e-01
589.000000 8.132800000000e-01
590.000000 8.119800000000e-01
591.000000 8.106600000000e-01
592.000000 8.093100000000e-01
593.000000 8.079400000000e-01
594.000000 8.065600000000e-01
595.000000 8.051600000000e-01
596.000000 8.037500000000e-01
597.000000 8.023300000000e-01
598.000000 8.008900000000e-01
599.000000 7.994500000000e-01
600.000000 7.980000000000e-01
601.000000 7.965500000000e-01
602.000000 7.950900000000e-01
603.000000 7.936200000000e-01
604.000000 7.921400000000e-01
605.000000 7.906600000000e-01
606.000000 7.891700000000e-01
607.000000 7.876700000000e-01
608.000000 7.861600000000e-01
609.000000 7.846400000000e-01
610.000000 7.831000000000e-01
611.000000 7.815500000000e-01
612.000000 7.799900000000e-01
613.000000 7.784100000000e-01
614.000000 7.768200000000e-01
615.000000 7.752100000000e-01
616.000000 7.735800000000e-01
617.000000 7.719400000000e-01
618.000000 7.702700000000e-01
619.000000 7.685900000000e-01
620.000000 7.668800000000e-01
621.000000 7.651500000000e-01
622.000000 7.634000000000e-01
623.000000 7.616200000000e-01
624.000000 7.598200000000e-01
625.000000 7.580000000000e-01
626.000000 7.561500000000e-01
627.000000 7.542700000000e-01
628.000000 7.523700000000e-01
629.000000 7.504400000000e-01
630.000000 7.485000000000e-01
631.000000 7.465400000000e-01
632.000000 7.445500000000e-01
633.000000 7.425400000000e-01
634.000000 7.405100000000e-01
635.000000 7.384800000000e-01
636.000000 7.364300000000e-01
637.000000 7.343700000000e-01
638.000000 7.323000000000e-01
639.000000 7.302200000000e-01
640.000000 7.281300000000e-01
641.000000 7.260300000000e-01
642.000000 7.239300000000e-01
643.000000 7.218100000000e-01
644.000000 7.197000000000e-01
645.000000 7.175800000000e-01
646.000000 7.154600000000e-01
647.000000 7.133500000000e-01
648.000000 7.112300000000e-01
649.000000 7.091100000000e-01
650.000000 7.070000000000e-01
651.000000 7.048900000000e-01
652.000000 7.027900000000e-01
653.000000 7.006900000000e-01
654.000000 6.986000000000e-01
655.000000 6.965200000000e-01
656.000000 6.944400000000e-01
657.000000 6.923800000000e-01
658.000000 6.903100000000e-01
659.000000 6.882600000000e-01
660.000000 6.862200000000e-01
661.000000 6.841900000000e-01
662.000000 6.821600000000e-01
663.000000 6.801400000000e-01
664.000000 6.781400000000e-01
665.000000 6.761500000000e-01
666.000000 6.741700000000e-01
667.000000 6.722100000000e-01
668.000000 6.702500000000e-01
669.000000 6.683100000000e-01
670.000000 6.663900000000e-01
671.000000 6.644800000000e-01
672.000000 6.625900000000e-01
673.000000 6.607100000000e-01
674.000000 6.588400000000e-01
675.000000 6.570000000000e-01
676.000000 6.551700000000e-01
677.000000 6.533700000000e-01
678.000000 6.515700000000e-01
679.000000 6.498000000000e-01
680.000000 6.480400000000e-01
681.000000 6.463000000000e-01
682.000000 6.445700000000e-01
683.000000 6.428600000000e-01
684.000000 6.411700000000e-01
685.000000 6.394900000000e-01
686.000000 6.378300000000e-01
687.000000 6.361800000000e-01
688.000000 6.345400000000e-01
689.000000 6.329300000000e-01
690.000000 6.313200000000e-01
691.000000 6.297300000000e-01
692.000000 6.281500000000e-01
693.000000 6.265900000000e-01
694.000000 6.250400000000e-01
695.000000 6.235000000000e-01
696.000000 6.219700000000e-01
697.000000 6.204600000000e-01
698.000000 6.189600000000e-01
699.000000 6.174700000000e-01
700.000000 6.160000000000e-01
701.000000 6.154201644505e-01
702.000000 6.148539547442e-01
703.000000 6.143006391514e-01
704.000000 6.137502827506e-01
705.000000 6.132027442303e-01
706.000000 6.126578782060e-01
707.000000 6.121241409342e-01
708.000000 6.115923953940e-01
709.000000 6.110543123696e-01
710.000000 6.105263680516e-01
711.000000 6.100000432804e-01
712.000000 6.094828243602e-01
713.000000 6.089517986615e-01
714.000000 6.084368443057e-01
715.000000 6.079156241943e-01
716.000000 6.074021923191e-01
717.000000 6.068826069460e-01
718.000000 6.063701390375e-01
719.000000 6.058578720339e-01
720.000000 6.053456970585e-01
721.000000 6.048335099463e-01
722.000000 6.043212127624e-01
723.000000 6.038087129942e-01
724.000000 6.032959131034e-01
725.000000 6.027876970485e-01
726.000000 6.022785291740e-01
727.000000 6.017728693285e-01
728.000000 6.012655901051e-01
729.000000 6.007607812452e-01
730.000000 6.002537435492e-01
731.000000 5.997443837080e-01
732.000000 5.992362146610e-01
733.000000 5.987183567624e-01
734.000000 5.982047318763e-01
735.000000 5.976880497888e-01
736.000000 5.971653976082e-01
737.000000 5.966424442480e-01
738.000000 5.961136592454e-01
739.000000 5.955817298555e-01
740.000000 5.950445629808e-01
741.000000 5.945062772348e-01
742.000000 5.939645977504e-01
743.000000 5.934180567699e-01
744.000000 5.928695927074e-01
745.000000 5.923175409604e-01
746.000000 5.917618204581e-01
747.000000 5.912029265535e-01
748.000000 5.906389372976e-01
749.000000 5.900717305939e-01
750.000000 5.895000000000e-01
751.000000 5.889251556223e-01
752.000000 5.883486871170e-01
753.000000 5.877706276150e-01
754.000000 5.871910163385e-01
755.000000 5.866098964827e-01
756.000000 5.860273067588e-01
757.000000 5.854432699372e-01
758.000000 5.848577872881e-01
759.000000 5.842708437464e-01
760.000000 5.836824209073e-01
761.000000 5.831519444269e-01
762.000000 5.826203401582e-01
763.000000 5.820876229901e-01
764.000000 5.815538162596e-01
765.000000 5.810189488387e-01
766.000000 5.804830525207e-01
767.000000 5.799461572396e-01
768.000000 5.794082841172e-01
769.000000 5.788694401619e-01
770.000000 5.783296187445e-01
771.000000 5.777888065991e-01
772.000000 5.772469935605e-01
773.000000 5.767041793382e-01
774.000000 5.761603747959e-01
775.000000 5.756155995963e-01
776.000000 5.750698789744e-01
777.000000 5.745232406743e-01
778.000000 5.739757116120e-01
779.000000 5.734273137873e-01
780.000000 5.728780602009e-01
781.000000 5.723279527550e-01
782.000000 5.717769840107e-01
783.000000 5.712251428692e-01
784.000000 5.706724216534e-01
785.000000 5.701188211005e-01
786.000000 5.695643516453e-01
787.000000 5.690090318935e-01
788.000000 5.684528859139e-01
789.000000 5.678959401834e-01
790.000000 5.673382201695e-01
791.000000 5.667797465785e-01
792.000000 5.662205321103e-01
793.000000 5.656605800950e-01
794.000000 5.650998860341e-01
795.000000 5.645384419441e-01
796.000000 5.639762419458e-01
797.000000 5.634132867289e-01
798.000000 5.628495852859e-01
799.000000 5.622851539435e-01
800.000000 5.617200137275e-01
801.000000 5.611541870938e-01
802.000000 5.605876947203e-01
803.000000 5.600205528141e-01
804.000000 5.594527713181e-01
805.000000 5.588843534569e-01
806.000000 5.583152970830e-01
807.000000 5.577455978671e-01
808.000000 5.571752534193e-01
809.000000 5.566042666989e-01
810.000000 5.560326474388e-01
811.000000 5.554604114079e-01
812.000000 5.548875781252e-01
813.000000 5.543141678689e-01
814.000000 5.537401988453e-01
815.000000 5.531656851809e-01
816.000000 5.525906359267e-01
817.000000 5.520150549704e-01
818.000000 5.514389418917e-01
819.000000 5.508622939078e-01
820.000000 5.502851086524e-01
821.000000 5.497073869579e-01
822.000000 5.491291347019e-01
823.000000 5.485503631999e-01
824.000000 5.479710881448e-01
825.000000 5.473913274790e-01
826.000000 5.468110988889e-01
827.000000 5.462304176666e-01
828.000000 5.456492953636e-01
829.000000 5.450677392650e-01
830.000000 5.444857526228e-01
831.000000 5.439033356950e-01
832.000000 5.433204875431e-01
833.000000 5.427372082247e-01
834.000000 5.421535007859e-01
835.000000 5.415693724821e-01
836.000000 5.409848348453e-01
837.000000 5.403999025314e-01
838.000000 5.398145912912e-01
839.000000 5.392289157430e-01
840.000000 5.386428876210e-01
841.000000 5.380565148751e-01
842.000000 5.374698016769e-01
843.000000 5.368827492354e-01
844.000000 5.362953572561e-01
845.000000 5.357076257487e-01
846.000000 5.351195567766e-01
847.000000 5.345311557383e-01
848.000000 5.339424318616e-01
849.000000 5.333533977436e-01
850.000000 5.327640679925e-01
851.000000 5.321744573221e-01
852.000000 5.315845786574e-01
853.000000 5.309944417866e-01
854.000000 5.304040528592e-01
855.000000 5.298134147587e-01
856.000000 5.292225281729e-01
857.000000 5.286313930665e-01
858.000000 5.280400102061e-01
859.000000 5.274483824068e-01
860.000000 5.268565152607e-01
861.000000 5.262916918429e-01
862.000000 5.257267134228e-01
863.000000 5.251615911968e-01
864.000000 5.245963363127e-01
865.000000 5.240309586334e-01
866.000000 5.234654658602e-01
867.000000 5.228998631945e-01
868.000000 5.223341535772e-01
869.000000 5.217683384162e-01
870.000000 5.212024186150e-01
871.000000 5.206363956533e-01
872.000000 5.200702724650e-01
873.000000 5.195040539317e-01
874.000000 5.189377469211e-01
875.000000 5.183713599007e-01
876.000000 5.178049022322e-01
877.000000 5.172383833011e-01
878.000000 5.166718116589e-01
879.000000 5.161051943488e-01
880.000000 5.155385365438e-01
881.000000 5.149718415574e-01
882.000000 5.144051112243e-01
883.000000 5.138383465762e-01
884.000000 5.132715486783e-01
885.000000 5.127047194506e-01
886.000000 5.121378622926e-01
887.000000 5.115709823787e-01
888.000000 5.110040865686e-01
889.000000 5.104371829636e-01
890.000000 5.098702802187e-01
891.000000 5.093033867666e-01
892.000000 5.087365101161e-01
893.000000 5.081696563589e-01
894.000000 5.076028299589e-01
895.000000 5.070360338509e-01
896.000000 5.064692698222e-01
897.000000 5.059025391164e-01
898.000000 5.053358431493e-01
899.000000 5.047691841902e-01
900.000000 5.042025658562e-01
901.000000 5.036359932977e-01
902.000000 5.030694730327e-01
903.000000 5.025030124711e-01
904.000000 5.019366192481e-01
905.000000 5.013703005201e-01
906.000000 5.008040623781e-01
907.000000 5.002379094940e-01
908.000000 4.996718450624e-01
909.000000 4.991058710387e-01
910.000000 4.985399886208e-01
911.000000 4.979741988778e-01
912.000000 4.974085033995e-01
913.000000 4.968429048333e-01
914.000000 4.962774071958e-01
915.000000 4.957120158913e-01
916.000000 4.951467374374e-01
917.000000 4.945815789581e-01
918.000000 4.940165475547e-01
919.000000 4.934516496880e-01
920.000000 4.928868906974e-01
921.000000 4.923222745526e-01
922.000000 4.917578038833e-01
923.000000 4.911934802724e-01
924.000000 4.906293047466e-01
925.000000 4.900652783583e-01
926.000000 4.895014027389e-01
927.000000 4.889376805119e-01
928.000000 4.883741154856e-01
929.000000 4.878107125921e-01
930.000000 4.872474775918e-01
931.000000 4.866844166155e-01
932.000000 4.861215356429e-01
933.000000 4.855588400292e-01
934.000000 4.849963341704e-01
935.000000 4.844340213689e-01
936.000000 4.838719039143e-01
937.000000 4.833099833555e-01
938.000000 4.827482609046e-01
939.000000 4.821867378923e-01
940.000000 4.816254161863e-01
941.000000 4.810642984926e-01
942.000000 4.805033884809e-01
943.000000 4.799426907093e-01
944.000000 4.793822103676e-01
945.000000 4.788219528962e-01
946.000000 4.782619235628e-01
947.000000 4.777021270873e-01
948.000000 4.771425673848e-01
949.000000 4.765832474712e-01
950.000000 4.760241695356e-01
951.000000 4.754653351568e-01
952.000000 4.749067456147e-01
953.000000 4.743484022386e-01
954.000000 4.737903067288e-01
955.000000 4.732324613937e-01
956.000000 4.726748692625e-01
957.000000 4.721175340516e-01
958.000000 4.715604599986e-01
959.000000 4.710036515982e-01
960.000000 4.704471132983e-01
961.000000 4.698908492167e-01
962.000000 4.693348629318e-01
963.000000 4.687791573819e-01
964.000000 4.682237348827e-01
965.000000 4.676685972522e-01
966.000000 4.671137460161e-01
967.000000 4.665591826521e-01
968.000000 4.660049088325e-01
969.000000 4.654509266182e-01
970.000000 4.648972385737e-01
971.000000 4.643438477794e-01
972.000000 4.637907577451e-01
973.000000 4.632379722417e-01
974.000000 4.626854950892e-01
975.000000 4.621333299429e-01
976.000000 4.615814801174e-01
977.000000 4.610299484764e-01
978.000000 4.604787374035e-01
979.000000 4.599278488513e-01
980.000000 4.593772844568e-01
981.000000 4.588270456994e-01
982.000000 4.582771340759e-01
983.000000 4.577275512617e-01
984.000000 4.571782992323e-01
985.000000 4.566293803250e-01
986.000000 4.560807972310e-01
987.000000 4.555325529230e-01
988.000000 4.549846505329e-01
989.000000 4.544370932055e-01
990.000000 4.538898839555e-01
991.000000 4.533430255533e-01
992.000000 4.527965204555e-01
993.000000 4.522503707895e-01
994.000000 4.517045783904e-01
995.000000 4.511591448801e-01
996.000000 4.506140717755e-01
997.000000 4.500693606055e-01
998.000000 4.495250130183e-01
999.000000 4.489810308622e-01
1000.000000 4.484374162260e-01
1001.000000 4.478941714343e-01
1002.000000 4.473512989999e-01
1003.000000 4.468088015443e-01
1004.000000 4.462666817007e-01
1005.000000 4.457249420185e-01
1006.000000 4.451835848828e-01
1007.000000 4.446426124629e-01
1008.000000 4.441020266943e-01
1009.000000 4.435618292950e-01
1010.000000 4.430220218117e-01
1011.000000 4.424826056875e-01
1012.000000 4.419435823394e-01
1013.000000 4.414049532342e-01
1014.000000 4.408667199506e-01
1015.000000 4.403288842179e-01
1016.000000 4.397914479268e-01
1017.000000 4.392544131105e-01
1018.000000 4.387177819021e-01
1019.000000 4.381815564755e-01
1020.000000 4.376457389814e-01
1021.000000 4.371103314878e-01
1022.000000 4.365753359350e-01
1023.000000 4.360407541101e-01
1024.000000 4.355065876436e-01
1025.000000 4.349728380276e-01
1026.000000 4.344395066509e-01
1027.000000 4.339065948459e-01
1028.000000 4.333741039396e-01
1029.000000 4.328420353005e-01
1030.000000 4.323103903760e-01
1031.000000 4.317791707124e-01
1032.000000 4.312483779589e-01
1033.000000 4.307180138516e-01
1034.000000 4.301880801842e-01
1035.000000 4.296585787693e-01
1036.000000 4.291295113965e-01
1037.000000 4.286008797944e-01
1038.000000 4.280726856014e-01
1039.000000 4.275449303489e-01
1040.000000 4.270176154587e-01
1041.000000 4.264907422531e-01
1042.000000 4.259643119778e-01
1043.000000 4.254383258308e-01
1044.000000 4.249127849961e-01
1045.000000 4.243876906743e-01
1046.000000 4.238630441083e-01
1047.000000 4.233388465993e-01
1048.000000 4.228150995109e-01
1049.000000 4.222918042631e-01
1050.000000 4.217689623153e-01
1051.000000 4.212465751434e-01
1052.000000 4.207246442134e-01
1053.000000 4.202031709562e-01
1054.000000 4.196821567466e-01
1055.000000 4.191616028893e-01
1056.000000 4.186415106132e-01
1057.000000 4.181218810746e-01
1058.000000 4.176027153682e-01
1059.000000 4.170840145444e-01
1060.000000 4.165657796297e-01
1061.000000 4.160480116482e-01
1062.000000 4.155307116412e-01
1063.000000 4.150138806814e-01
1064.000000 4.144975198816e-01
1065.000000 4.139816303951e-01
1066.000000 4.134662134101e-01
1067.000000 4.129512701371e-01
1068.000000 4.124368017938e-01
1069.000000 4.119228095869e-01
1070.000000 4.114092946960e-01
1071.000000 4.108962582595e-01
1072.000000 4.103837013660e-01
1073.000000 4.098716250498e-01
1074.000000 4.093600302934e-01
1075.000000 4.088489180335e-01
1076.000000 4.083382891723e-01
1077.000000 4.078281445902e-01
1078.000000 4.073184851594e-01
1079.000000 4.068093117561e-01
1080.000000 4.063006252703e-01
1081.000000 4.057924266116e-01
1082.000000 4.052847167103e-01
1083.000000 4.047774965145e-01
1084.000000 4.042707669837e-01
1085.000000 4.037645290790e-01
1086.000000 4.032587837525e-01
1087.000000 4.027535319372e-01
1088.000000 4.022487745373e-01
1089.000000 4.017445124219e-01
1090.000000 4.012407464217e-01
1091.000000 4.007374773286e-01
1092.000000 4.002347058996e-01
1093.000000 3.997324328629e-01
1094.000000 3.992306589264e-01
1095.000000 3.987293847871e-01
1096.000000 3.982286111405e-01
1097.000000 3.977283386887e-01
1098.000000 3.972285681463e-01
1099.000000 3.967293002435e-01
1100.000000 3.962305357266e-01
1240.000000 3.737100000000e-01
1536.000000 2.835400000000e-01
1650.000000 2.552100000000e-01
1950.000000 1.954600000000e-01
2250.000000 1.524400000000e-01
3750.000000 5.601300000000e-02
-1.0 0.0
