# OCRT canonical Ahn TSM mass-specific scattering coefficient.
# Species: calcareoussand (Calcareous sand).
# Physical relation: b_min(lambda) [m^-1] = b_star_min(lambda) [m^2 g^-1] * TSM [g m^-3].
# Unit of the second column: m^2 g^-1.
#
# Spectral data policy adopted 2026-08-29 (supersedes the 2026-08-10 policy):
#   450-700 nm : previous canonical values, UNCHANGED (bit-identical).
#   400-450 nm : LINEAR blend, value = w*(Mie graft) + (1-w)*(previous canonical),
#                w = (450 - lambda)/50, so w = 1 at 400 nm and w = 0 at 450 nm.
#   330-400 nm : Mie graft. REPLACES the 2026-08-10 OLS linear extrapolation, which
#                extended the 400-420 nm slope downward and therefore missed the b*
#                local minimum near 400 nm (sign of db*/dlambda was reversed).
#   700-750 nm : LINEAR blend, w = (lambda - 700)/50, w = 0 at 700 nm, w = 1 at 750 nm.
#   750-1100 nm: Mie graft.
#   >1100 nm   : previous canonical sparse nodes (1240/1536/1650/1950/2250/3750 nm), UNCHANGED.
#
# Mie graft model (see METHOD.md for the full derivation):
#   lognormal size distribution, untruncated over +-4.5 sigma, sigma = 1.5 FIXED by the
#   g(lambda) spectrum carried in Calcareous_sand_AHN.mie; in-water convention n_med = 1.34;
#   real refractive index nr(lambda) from OPAC mineral (TSM_mineral.inp, 20 nodes).
#   Effective median radius Rmean is the ONLY free parameter and is constrained solely
#   inside the blend window adjacent to each graft point.
#     Rmean_eff (UV, 400-450 nm window)  = 0.4070 um
#     Rmean_eff (NIR, 700-750 nm window) = 0.5464 um   (matched to alpha = 0.802)
#   ni(lambda): UV side inverted from the scale-free ratio a*/b* = Cabs/Csca and extended
#   log-linearly below 400 nm (mineral absorption rises exponentially into the UV);
#   NIR side held FLAT above 750 nm (OPAC mineral ni has a plateau over 760-860 nm and
#   rises again toward 1240 nm, so continuing the visible-band decay is unphysical).
#
# WARNING: Rmean_eff is an EFFECTIVE spectral-slope parameter, not a physical particle size.
#   It disagrees with the g-derived radius (~0.10 um) by a factor of ~4-5. Do NOT use
#   Rmean_eff for phase function, P11/P12/P33 or bb/b. Those remain governed by the
#   Calcareous_sand_AHN.mie phase blocks.
# NOTE: a slope discontinuity at exactly 700 nm is present in the PREVIOUS canonical data
#   itself and is passed through unchanged; it is not introduced by this revision.
# NOTE: this scalar revision does NOT update the Calcareous_sand_AHN.mie phase blocks, nor the bulk
#   Extinct_Co/Scatter_Co columns mirrored into it. Re-mirroring is a separate task.
#
# Provenance: previous file SHA256 = c4a6fb46c09a444222283308dae02c5c5d764f4745a245a4f8fcb50b013b6115
# Generated by src/regenerate.py of package OCRT_TSM_astar_bstar_MIEgraft_2026-08-29_KST
# wavelength_nm mass_specific_coefficient_m2_per_g
330.000000 9.524394133842e-01
331.000000 9.540559243126e-01
332.000000 9.556575845847e-01
333.000000 9.572524212168e-01
334.000000 9.588518396782e-01
335.000000 9.604395058826e-01
336.000000 9.620032087321e-01
337.000000 9.635513551925e-01
338.000000 9.650907554377e-01
339.000000 9.666334923871e-01
340.000000 9.681673463835e-01
341.000000 9.696777200270e-01
342.000000 9.711712357274e-01
343.000000 9.726538236992e-01
344.000000 9.741374789057e-01
345.000000 9.756162193052e-01
346.000000 9.770731121734e-01
347.000000 9.785111319820e-01
348.000000 9.799364077817e-01
349.000000 9.813588512181e-01
350.000000 9.827802427761e-01
351.000000 9.844504696497e-01
352.000000 9.860929587392e-01
353.000000 9.877153345459e-01
354.000000 9.893261710418e-01
355.000000 9.909304933821e-01
356.000000 9.925114447568e-01
357.000000 9.940637007771e-01
358.000000 9.955944779897e-01
359.000000 9.971105078573e-01
360.000000 9.986187340428e-01
361.000000 1.000105724733e+00
362.000000 1.001563268654e+00
363.000000 1.002997627806e+00
364.000000 1.004413997982e+00
365.000000 1.005820581244e+00
366.000000 1.007208771623e+00
367.000000 1.008567671605e+00
368.000000 1.009901202337e+00
369.000000 1.011214011566e+00
370.000000 1.012513787965e+00
371.000000 1.013797991265e+00
372.000000 1.015054642622e+00
373.000000 1.016283512890e+00
374.000000 1.017489592675e+00
375.000000 1.018678398041e+00
376.000000 1.019853069783e+00
377.000000 1.021003660589e+00
378.000000 1.022124935019e+00
379.000000 1.023221353320e+00
380.000000 1.024296583109e+00
381.000000 1.025356387597e+00
382.000000 1.026396309944e+00
383.000000 1.027407731681e+00
384.000000 1.028391724443e+00
385.000000 1.029352015063e+00
386.000000 1.030293130348e+00
387.000000 1.031216907069e+00
388.000000 1.032115765430e+00
389.000000 1.032985484826e+00
390.000000 1.033829496083e+00
391.000000 1.034650589367e+00
392.000000 1.035453235305e+00
393.000000 1.036235147387e+00
394.000000 1.036989509074e+00
395.000000 1.037715667205e+00
396.000000 1.038416862026e+00
397.000000 1.039095946132e+00
398.000000 1.039755777449e+00
399.000000 1.040392071893e+00
400.000000 1.041000000000e+00
401.000000 1.041567514861e+00
402.000000 1.042078597544e+00
403.000000 1.042543987704e+00
404.000000 1.042963867583e+00
405.000000 1.043335311982e+00
406.000000 1.043657853789e+00
407.000000 1.043935381280e+00
408.000000 1.044171575936e+00
409.000000 1.044388466554e+00
410.000000 1.044552575493e+00
411.000000 1.044678336243e+00
412.000000 1.044767105386e+00
413.000000 1.044939126990e+00
414.000000 1.045064094110e+00
415.000000 1.045168206623e+00
416.000000 1.045251373327e+00
417.000000 1.045312432306e+00
418.000000 1.045387746145e+00
419.000000 1.045409291695e+00
420.000000 1.045412731896e+00
421.000000 1.045399971597e+00
422.000000 1.045327709427e+00
423.000000 1.045281263930e+00
424.000000 1.045218663012e+00
425.000000 1.045091371522e+00
426.000000 1.044946942402e+00
427.000000 1.044786889033e+00
428.000000 1.044612380730e+00
429.000000 1.044423369823e+00
430.000000 1.044219799734e+00
431.000000 1.043940552296e+00
432.000000 1.043709042073e+00
433.000000 1.043400487465e+00
434.000000 1.043010136717e+00
435.000000 1.042672538743e+00
436.000000 1.042321825298e+00
437.000000 1.041884530292e+00
438.000000 1.041431750265e+00
439.000000 1.040964560607e+00
440.000000 1.040403998651e+00
441.000000 1.039908939385e+00
442.000000 1.039317846626e+00
443.000000 1.038625218265e+00
444.000000 1.037996626238e+00
445.000000 1.037265809101e+00
446.000000 1.036519739566e+00
447.000000 1.035665343501e+00
448.000000 1.034889406705e+00
449.000000 1.033904672273e+00
450.000000 1.033000000000e+00
451.000000 1.032300000000e+00
452.000000 1.031600000000e+00
453.000000 1.030900000000e+00
454.000000 1.030100000000e+00
455.000000 1.029300000000e+00
456.000000 1.028400000000e+00
457.000000 1.027600000000e+00
458.000000 1.026700000000e+00
459.000000 1.025800000000e+00
460.000000 1.024800000000e+00
461.000000 1.023800000000e+00
462.000000 1.022800000000e+00
463.000000 1.021800000000e+00
464.000000 1.020800000000e+00
465.000000 1.019700000000e+00
466.000000 1.018600000000e+00
467.000000 1.017500000000e+00
468.000000 1.016400000000e+00
469.000000 1.015200000000e+00
470.000000 1.014100000000e+00
471.000000 1.012900000000e+00
472.000000 1.011700000000e+00
473.000000 1.010500000000e+00
474.000000 1.009200000000e+00
475.000000 1.008000000000e+00
476.000000 1.006700000000e+00
477.000000 1.005500000000e+00
478.000000 1.004200000000e+00
479.000000 1.002900000000e+00
480.000000 1.001600000000e+00
481.000000 1.000300000000e+00
482.000000 9.989600000000e-01
483.000000 9.976400000000e-01
484.000000 9.963000000000e-01
485.000000 9.949700000000e-01
486.000000 9.936300000000e-01
487.000000 9.922800000000e-01
488.000000 9.909300000000e-01
489.000000 9.895900000000e-01
490.000000 9.882400000000e-01
491.000000 9.869000000000e-01
492.000000 9.855500000000e-01
493.000000 9.842100000000e-01
494.000000 9.828800000000e-01
495.000000 9.815500000000e-01
496.000000 9.802300000000e-01
497.000000 9.789100000000e-01
498.000000 9.776000000000e-01
499.000000 9.762900000000e-01
500.000000 9.750000000000e-01
501.000000 9.737200000000e-01
502.000000 9.724500000000e-01
503.000000 9.711900000000e-01
504.000000 9.699300000000e-01
505.000000 9.686800000000e-01
506.000000 9.674300000000e-01
507.000000 9.661900000000e-01
508.000000 9.649600000000e-01
509.000000 9.637200000000e-01
510.000000 9.624800000000e-01
511.000000 9.612400000000e-01
512.000000 9.600000000000e-01
513.000000 9.587500000000e-01
514.000000 9.575000000000e-01
515.000000 9.562400000000e-01
516.000000 9.549700000000e-01
517.000000 9.537000000000e-01
518.000000 9.524100000000e-01
519.000000 9.511100000000e-01
520.000000 9.498000000000e-01
521.000000 9.484700000000e-01
522.000000 9.471300000000e-01
523.000000 9.457700000000e-01
524.000000 9.444000000000e-01
525.000000 9.430000000000e-01
526.000000 9.415800000000e-01
527.000000 9.401500000000e-01
528.000000 9.386900000000e-01
529.000000 9.372100000000e-01
530.000000 9.357200000000e-01
531.000000 9.342100000000e-01
532.000000 9.326700000000e-01
533.000000 9.311100000000e-01
534.000000 9.295400000000e-01
535.000000 9.279500000000e-01
536.000000 9.263400000000e-01
537.000000 9.247100000000e-01
538.000000 9.230600000000e-01
539.000000 9.214000000000e-01
540.000000 9.197200000000e-01
541.000000 9.180200000000e-01
542.000000 9.163100000000e-01
543.000000 9.145800000000e-01
544.000000 9.128300000000e-01
545.000000 9.110700000000e-01
546.000000 9.092900000000e-01
547.000000 9.074900000000e-01
548.000000 9.056700000000e-01
549.000000 9.038400000000e-01
550.000000 9.020000000000e-01
551.000000 9.001400000000e-01
552.000000 8.982600000000e-01
553.000000 8.963700000000e-01
554.000000 8.944800000000e-01
555.000000 8.926000000000e-01
556.000000 8.907200000000e-01
557.000000 8.888400000000e-01
558.000000 8.869700000000e-01
559.000000 8.851200000000e-01
560.000000 8.833000000000e-01
561.000000 8.815000000000e-01
562.000000 8.797100000000e-01
563.000000 8.779600000000e-01
564.000000 8.762400000000e-01
565.000000 8.745800000000e-01
566.000000 8.729600000000e-01
567.000000 8.713700000000e-01
568.000000 8.698300000000e-01
569.000000 8.683600000000e-01
570.000000 8.669700000000e-01
571.000000 8.656500000000e-01
572.000000 8.643700000000e-01
573.000000 8.631500000000e-01
574.000000 8.620200000000e-01
575.000000 8.610000000000e-01
576.000000 8.600700000000e-01
577.000000 8.592100000000e-01
578.000000 8.584000000000e-01
579.000000 8.576600000000e-01
580.000000 8.569700000000e-01
581.000000 8.563400000000e-01
582.000000 8.557600000000e-01
583.000000 8.552200000000e-01
584.000000 8.547000000000e-01
585.000000 8.541800000000e-01
586.000000 8.536800000000e-01
587.000000 8.532000000000e-01
588.000000 8.527200000000e-01
589.000000 8.522300000000e-01
590.000000 8.517100000000e-01
591.000000 8.511600000000e-01
592.000000 8.505900000000e-01
593.000000 8.499800000000e-01
594.000000 8.493400000000e-01
595.000000 8.486300000000e-01
596.000000 8.478500000000e-01
597.000000 8.470000000000e-01
598.000000 8.460700000000e-01
599.000000 8.450700000000e-01
600.000000 8.440000000000e-01
601.000000 8.428200000000e-01
602.000000 8.415300000000e-01
603.000000 8.401300000000e-01
604.000000 8.386600000000e-01
605.000000 8.371500000000e-01
606.000000 8.355700000000e-01
607.000000 8.338900000000e-01
608.000000 8.321500000000e-01
609.000000 8.303500000000e-01
610.000000 8.285300000000e-01
611.000000 8.266700000000e-01
612.000000 8.247500000000e-01
613.000000 8.228000000000e-01
614.000000 8.208200000000e-01
615.000000 8.188400000000e-01
616.000000 8.168500000000e-01
617.000000 8.148300000000e-01
618.000000 8.127900000000e-01
619.000000 8.107700000000e-01
620.000000 8.087700000000e-01
621.000000 8.067800000000e-01
622.000000 8.048000000000e-01
623.000000 8.028300000000e-01
624.000000 8.008900000000e-01
625.000000 7.990000000000e-01
626.000000 7.971500000000e-01
627.000000 7.953300000000e-01
628.000000 7.935400000000e-01
629.000000 7.917900000000e-01
630.000000 7.900700000000e-01
631.000000 7.883900000000e-01
632.000000 7.867400000000e-01
633.000000 7.851300000000e-01
634.000000 7.835500000000e-01
635.000000 7.820000000000e-01
636.000000 7.804800000000e-01
637.000000 7.789900000000e-01
638.000000 7.775300000000e-01
639.000000 7.761000000000e-01
640.000000 7.746900000000e-01
641.000000 7.733100000000e-01
642.000000 7.719600000000e-01
643.000000 7.706300000000e-01
644.000000 7.693300000000e-01
645.000000 7.680500000000e-01
646.000000 7.668000000000e-01
647.000000 7.655600000000e-01
648.000000 7.643500000000e-01
649.000000 7.631700000000e-01
650.000000 7.620000000000e-01
651.000000 7.608600000000e-01
652.000000 7.597300000000e-01
653.000000 7.586300000000e-01
654.000000 7.575500000000e-01
655.000000 7.564800000000e-01
656.000000 7.554300000000e-01
657.000000 7.544000000000e-01
658.000000 7.533900000000e-01
659.000000 7.523900000000e-01
660.000000 7.514000000000e-01
661.000000 7.504300000000e-01
662.000000 7.494700000000e-01
663.000000 7.485200000000e-01
664.000000 7.475900000000e-01
665.000000 7.466700000000e-01
666.000000 7.457600000000e-01
667.000000 7.448600000000e-01
668.000000 7.439800000000e-01
669.000000 7.431000000000e-01
670.000000 7.422300000000e-01
671.000000 7.413700000000e-01
672.000000 7.405200000000e-01
673.000000 7.396700000000e-01
674.000000 7.388400000000e-01
675.000000 7.380000000000e-01
676.000000 7.371700000000e-01
677.000000 7.363500000000e-01
678.000000 7.355300000000e-01
679.000000 7.347100000000e-01
680.000000 7.338800000000e-01
681.000000 7.330400000000e-01
682.000000 7.322100000000e-01
683.000000 7.313600000000e-01
684.000000 7.305000000000e-01
685.000000 7.296200000000e-01
686.000000 7.287200000000e-01
687.000000 7.278100000000e-01
688.000000 7.268700000000e-01
689.000000 7.259100000000e-01
690.000000 7.249200000000e-01
691.000000 7.239000000000e-01
692.000000 7.228500000000e-01
693.000000 7.217600000000e-01
694.000000 7.206400000000e-01
695.000000 7.194800000000e-01
696.000000 7.182700000000e-01
697.000000 7.170200000000e-01
698.000000 7.157300000000e-01
699.000000 7.143900000000e-01
700.000000 7.130000000000e-01
701.000000 7.121936005525e-01
702.000000 7.114002029102e-01
703.000000 7.106002826209e-01
704.000000 7.097943121169e-01
705.000000 7.090007619282e-01
706.000000 7.082189037834e-01
707.000000 7.074308130888e-01
708.000000 7.066537700544e-01
709.000000 7.058788601935e-01
710.000000 7.051059742563e-01
711.000000 7.043506062479e-01
712.000000 7.035810491102e-01
713.000000 7.028279904384e-01
714.000000 7.020829116760e-01
715.000000 7.013310920426e-01
716.000000 7.005866143636e-01
717.000000 6.998421687586e-01
718.000000 6.990976532828e-01
719.000000 6.983529730208e-01
720.000000 6.976080385607e-01
721.000000 6.968627634477e-01
722.000000 6.961170600230e-01
723.000000 6.953600345331e-01
724.000000 6.946135841979e-01
725.000000 6.938613989918e-01
726.000000 6.931087680838e-01
727.000000 6.923555871165e-01
728.000000 6.916017623179e-01
729.000000 6.908472108188e-01
730.000000 6.900958587775e-01
731.000000 6.893394384044e-01
732.000000 6.885892837637e-01
733.000000 6.878339253342e-01
734.000000 6.870802848602e-01
735.000000 6.863246731155e-01
736.000000 6.855725925926e-01
737.000000 6.848149447221e-01
738.000000 6.840594381438e-01
739.000000 6.833003938716e-01
740.000000 6.825357458033e-01
741.000000 6.817714376741e-01
742.000000 6.810030181527e-01
743.000000 6.802304353856e-01
744.000000 6.794536319681e-01
745.000000 6.786715413041e-01
746.000000 6.778862866599e-01
747.000000 6.770971843170e-01
748.000000 6.763027506337e-01
749.000000 6.755039100260e-01
750.000000 6.747000000000e-01
751.000000 6.738931093304e-01
752.000000 6.730849859341e-01
753.000000 6.722756662939e-01
754.000000 6.714651821683e-01
755.000000 6.706535569255e-01
756.000000 6.698408041418e-01
757.000000 6.690269281480e-01
758.000000 6.682119268295e-01
759.000000 6.673957967550e-01
760.000000 6.665785391429e-01
761.000000 6.658408081174e-01
762.000000 6.651023129011e-01
763.000000 6.643630783649e-01
764.000000 6.636231332088e-01
765.000000 6.628825050934e-01
766.000000 6.621412167324e-01
767.000000 6.613992837362e-01
768.000000 6.606567141003e-01
769.000000 6.599135092556e-01
770.000000 6.591696668053e-01
771.000000 6.584251845474e-01
772.000000 6.576800646127e-01
773.000000 6.569343163561e-01
774.000000 6.561879569902e-01
775.000000 6.554410096255e-01
776.000000 6.546934993685e-01
777.000000 6.539454489980e-01
778.000000 6.531968757458e-01
779.000000 6.524477899192e-01
780.000000 6.516981953659e-01
781.000000 6.509480915219e-01
782.000000 6.501974765903e-01
783.000000 6.494463510775e-01
784.000000 6.486947207367e-01
785.000000 6.479425981052e-01
786.000000 6.471900021248e-01
787.000000 6.464369558028e-01
788.000000 6.456834825759e-01
789.000000 6.449296026191e-01
790.000000 6.441753303194e-01
791.000000 6.434206735503e-01
792.000000 6.426656347239e-01
793.000000 6.419102131539e-01
794.000000 6.411544080199e-01
795.000000 6.403982211442e-01
796.000000 6.396416589176e-01
797.000000 6.388847329789e-01
798.000000 6.381274595326e-01
799.000000 6.373698574783e-01
800.000000 6.366119458571e-01
801.000000 6.358537413621e-01
802.000000 6.350952566229e-01
803.000000 6.343364996704e-01
804.000000 6.335774746301e-01
805.000000 6.328181833860e-01
806.000000 6.320586277318e-01
807.000000 6.312988113994e-01
808.000000 6.305387414285e-01
809.000000 6.297784285841e-01
810.000000 6.290178868159e-01
811.000000 6.282571319615e-01
812.000000 6.274961800363e-01
813.000000 6.267350455233e-01
814.000000 6.259737400641e-01
815.000000 6.252122718375e-01
816.000000 6.244506457481e-01
817.000000 6.236888643757e-01
818.000000 6.229269294718e-01
819.000000 6.221648436475e-01
820.000000 6.214026118218e-01
821.000000 6.206402420599e-01
822.000000 6.198777455985e-01
823.000000 6.191151360820e-01
824.000000 6.183524282336e-01
825.000000 6.175896363224e-01
826.000000 6.168267728077e-01
827.000000 6.160638474549e-01
828.000000 6.153008670765e-01
829.000000 6.145378359181e-01
830.000000 6.137747566075e-01
831.000000 6.130116314782e-01
832.000000 6.122484639748e-01
833.000000 6.114852597783e-01
834.000000 6.107220273365e-01
835.000000 6.099587776472e-01
836.000000 6.091955233623e-01
837.000000 6.084322774756e-01
838.000000 6.076690519524e-01
839.000000 6.069058566511e-01
840.000000 6.061426987794e-01
841.000000 6.053795829896e-01
842.000000 6.046165120673e-01
843.000000 6.038534880456e-01
844.000000 6.030905134870e-01
845.000000 6.023275926253e-01
846.000000 6.015647320884e-01
847.000000 6.008019410203e-01
848.000000 6.000392305758e-01
849.000000 5.992766129240e-01
850.000000 5.985141000153e-01
851.000000 5.977517024148e-01
852.000000 5.969894284831e-01
853.000000 5.962272840893e-01
854.000000 5.954652729118e-01
855.000000 5.947033972348e-01
856.000000 5.939416590361e-01
857.000000 5.931800610995e-01
858.000000 5.924186078864e-01
859.000000 5.916573059657e-01
860.000000 5.908961639119e-01
861.000000 5.901697497314e-01
862.000000 5.894435619803e-01
863.000000 5.887176097748e-01
864.000000 5.879919009167e-01
865.000000 5.872664413931e-01
866.000000 5.865412353043e-01
867.000000 5.858162852158e-01
868.000000 5.850915928360e-01
869.000000 5.843671598608e-01
870.000000 5.836429887945e-01
871.000000 5.829190835622e-01
872.000000 5.821954497766e-01
873.000000 5.814720945973e-01
874.000000 5.807490262226e-01
875.000000 5.800262531449e-01
876.000000 5.793037833584e-01
877.000000 5.785816237092e-01
878.000000 5.778597795288e-01
879.000000 5.771382546099e-01
880.000000 5.764170515038e-01
881.000000 5.756961720551e-01
882.000000 5.749756180502e-01
883.000000 5.742553918437e-01
884.000000 5.735354968316e-01
885.000000 5.728159376748e-01
886.000000 5.720967202288e-01
887.000000 5.713778512021e-01
888.000000 5.706593376333e-01
889.000000 5.699411863146e-01
890.000000 5.692234032963e-01
891.000000 5.685059935753e-01
892.000000 5.677889610201e-01
893.000000 5.670723085298e-01
894.000000 5.663560383793e-01
895.000000 5.656401526705e-01
896.000000 5.649246537965e-01
897.000000 5.642095448219e-01
898.000000 5.634948297011e-01
899.000000 5.627805132904e-01
900.000000 5.620666011565e-01
901.000000 5.613530992320e-01
902.000000 5.606400134036e-01
903.000000 5.599273491262e-01
904.000000 5.592151111441e-01
905.000000 5.585033033651e-01
906.000000 5.577919289008e-01
907.000000 5.570809902515e-01
908.000000 5.563704895921e-01
909.000000 5.556604291017e-01
910.000000 5.549508112717e-01
911.000000 5.542416391342e-01
912.000000 5.535329163657e-01
913.000000 5.528246472490e-01
914.000000 5.521168365063e-01
915.000000 5.514094890456e-01
916.000000 5.507026096789e-01
917.000000 5.499962028734e-01
918.000000 5.492902725813e-01
919.000000 5.485848221763e-01
920.000000 5.478798544985e-01
921.000000 5.471753719930e-01
922.000000 5.464713769096e-01
923.000000 5.457678715257e-01
924.000000 5.450648583480e-01
925.000000 5.443623402564e-01
926.000000 5.436603205630e-01
927.000000 5.429588029777e-01
928.000000 5.422577914916e-01
929.000000 5.415572902067e-01
930.000000 5.408573031480e-01
931.000000 5.401578340977e-01
932.000000 5.394588864783e-01
933.000000 5.387604633038e-01
934.000000 5.380625672022e-01
935.000000 5.373652004994e-01
936.000000 5.366683653476e-01
937.000000 5.359720638744e-01
938.000000 5.352762983230e-01
939.000000 5.345810711611e-01
940.000000 5.338863851380e-01
941.000000 5.331922432808e-01
942.000000 5.324986488353e-01
943.000000 5.318056051640e-01
944.000000 5.311131156251e-01
945.000000 5.304211834552e-01
946.000000 5.297298116771e-01
947.000000 5.290390030472e-01
948.000000 5.283487600477e-01
949.000000 5.276590849228e-01
950.000000 5.269699797492e-01
951.000000 5.262814465280e-01
952.000000 5.255934872811e-01
953.000000 5.249061041356e-01
954.000000 5.242192993810e-01
955.000000 5.235330754921e-01
956.000000 5.228474351125e-01
957.000000 5.221623810068e-01
958.000000 5.214779159887e-01
959.000000 5.207940428419e-01
960.000000 5.201107642464e-01
961.000000 5.194280827230e-01
962.000000 5.187460006035e-01
963.000000 5.180645200294e-01
964.000000 5.173836429781e-01
965.000000 5.167033713106e-01
966.000000 5.160237068314e-01
967.000000 5.153446513511e-01
968.000000 5.146662067408e-01
969.000000 5.139883749694e-01
970.000000 5.133111581193e-01
971.000000 5.126345583770e-01
972.000000 5.119585780046e-01
973.000000 5.112832192952e-01
974.000000 5.106084845228e-01
975.000000 5.099343758949e-01
976.000000 5.092608955143e-01
977.000000 5.085880453565e-01
978.000000 5.079158272653e-01
979.000000 5.072442429649e-01
980.000000 5.065732940879e-01
981.000000 5.059029822124e-01
982.000000 5.052333089030e-01
983.000000 5.045642757493e-01
984.000000 5.038958843961e-01
985.000000 5.032281365600e-01
986.000000 5.025610340315e-01
987.000000 5.018945786624e-01
988.000000 5.012287723418e-01
989.000000 5.005636169640e-01
990.000000 4.998991143958e-01
991.000000 4.992352664459e-01
992.000000 4.985720748425e-01
993.000000 4.979095412216e-01
994.000000 4.972476671258e-01
995.000000 4.965864540150e-01
996.000000 4.959259032851e-01
997.000000 4.952660162926e-01
998.000000 4.946067943808e-01
999.000000 4.939482389029e-01
1000.000000 4.932903512405e-01
1001.000000 4.926331328125e-01
1002.000000 4.919765850764e-01
1003.000000 4.913207095190e-01
1004.000000 4.906655076419e-01
1005.000000 4.900109809415e-01
1006.000000 4.893571308886e-01
1007.000000 4.887039589096e-01
1008.000000 4.880514663719e-01
1009.000000 4.873996545765e-01
1010.000000 4.867485247572e-01
1011.000000 4.860980780866e-01
1012.000000 4.854483156887e-01
1013.000000 4.847992386557e-01
1014.000000 4.841508480657e-01
1015.000000 4.835031450003e-01
1016.000000 4.828561305594e-01
1017.000000 4.822098058696e-01
1018.000000 4.815641720883e-01
1019.000000 4.809192303996e-01
1020.000000 4.802749820063e-01
1021.000000 4.796314281167e-01
1022.000000 4.789885699303e-01
1023.000000 4.783464086225e-01
1024.000000 4.777049453322e-01
1025.000000 4.770641811527e-01
1026.000000 4.764241171268e-01
1027.000000 4.757847542472e-01
1028.000000 4.751460934615e-01
1029.000000 4.745081356799e-01
1030.000000 4.738708817869e-01
1031.000000 4.732343326516e-01
1032.000000 4.725984891389e-01
1033.000000 4.719633521177e-01
1034.000000 4.713289224657e-01
1035.000000 4.706952010708e-01
1036.000000 4.700621888288e-01
1037.000000 4.694298866374e-01
1038.000000 4.687982953885e-01
1039.000000 4.681674159592e-01
1040.000000 4.675372492029e-01
1041.000000 4.669077959417e-01
1042.000000 4.662790569613e-01
1043.000000 4.656510330088e-01
1044.000000 4.650237247936e-01
1045.000000 4.643971329915e-01
1046.000000 4.637712582516e-01
1047.000000 4.631461012041e-01
1048.000000 4.625216624695e-01
1049.000000 4.618979426675e-01
1050.000000 4.612749424235e-01
1051.000000 4.606526623736e-01
1052.000000 4.600311031666e-01
1053.000000 4.594102654629e-01
1054.000000 4.587901499311e-01
1055.000000 4.581707572418e-01
1056.000000 4.575520880611e-01
1057.000000 4.569341430427e-01
1058.000000 4.563169228215e-01
1059.000000 4.557004280077e-01
1060.000000 4.550846591835e-01
1061.000000 4.544696169013e-01
1062.000000 4.538553016847e-01
1063.000000 4.532417140308e-01
1064.000000 4.526288544145e-01
1065.000000 4.520167232935e-01
1066.000000 4.514053211129e-01
1067.000000 4.507946483105e-01
1068.000000 4.501847053196e-01
1069.000000 4.495754925718e-01
1070.000000 4.489670104970e-01
1071.000000 4.483592595229e-01
1072.000000 4.477522400722e-01
1073.000000 4.471459525594e-01
1074.000000 4.465403973869e-01
1075.000000 4.459355749414e-01
1076.000000 4.453314855902e-01
1077.000000 4.447281296788e-01
1078.000000 4.441255075298e-01
1079.000000 4.435236194433e-01
1080.000000 4.429224656979e-01
1081.000000 4.423220465537e-01
1082.000000 4.417223622563e-01
1083.000000 4.411234130403e-01
1084.000000 4.405251991341e-01
1085.000000 4.399277207634e-01
1086.000000 4.393309781549e-01
1087.000000 4.387349715379e-01
1088.000000 4.381397011454e-01
1089.000000 4.375451672140e-01
1090.000000 4.369513699820e-01
1091.000000 4.363583096872e-01
1092.000000 4.357659865643e-01
1093.000000 4.351744008409e-01
1094.000000 4.345835527352e-01
1095.000000 4.339934424527e-01
1096.000000 4.334040701845e-01
1097.000000 4.328154361058e-01
1098.000000 4.322275403759e-01
1099.000000 4.316403831376e-01
1100.000000 4.310539645192e-01
1240.000000 4.038800000000e-01
1536.000000 3.014200000000e-01
1650.000000 2.700000000000e-01
1950.000000 2.045300000000e-01
2250.000000 1.580100000000e-01
3750.000000 5.576800000000e-02
-1.0 0.0
