# OCRT canonical Ahn TSM mass-specific scattering coefficient.
# Species: yellowclay (Yellow clay).
# Physical relation: b_min(lambda) [m^-1] = b_star_min(lambda) [m^2 g^-1] * TSM [g m^-3].
# Unit of the second column: m^2 g^-1.
#
# Spectral data policy adopted 2026-08-29 (supersedes the 2026-08-10 policy):
#   450-700 nm : previous canonical values, UNCHANGED (bit-identical).
#   400-450 nm : LINEAR blend, value = w*(Mie graft) + (1-w)*(previous canonical),
#                w = (450 - lambda)/50, so w = 1 at 400 nm and w = 0 at 450 nm.
#   330-400 nm : Mie graft. REPLACES the 2026-08-10 OLS linear extrapolation, which
#                extended the 400-420 nm slope downward and therefore missed the b*
#                local minimum near 400 nm (sign of db*/dlambda was reversed).
#   700-750 nm : LINEAR blend, w = (lambda - 700)/50, w = 0 at 700 nm, w = 1 at 750 nm.
#   750-1100 nm: Mie graft.
#   >1100 nm   : previous canonical sparse nodes (1240/1536/1650/1950/2250/3750 nm), UNCHANGED.
#
# Mie graft model (see METHOD.md for the full derivation):
#   lognormal size distribution, untruncated over +-4.5 sigma, sigma = 1.5 FIXED by the
#   g(lambda) spectrum carried in Yellow_clay_AHN.mie; in-water convention n_med = 1.34;
#   real refractive index nr(lambda) from OPAC mineral (TSM_mineral.inp, 20 nodes).
#   Effective median radius Rmean is the ONLY free parameter and is constrained solely
#   inside the blend window adjacent to each graft point.
#     Rmean_eff (UV, 400-450 nm window)  = 0.5842 um
#     Rmean_eff (NIR, 700-750 nm window) = 0.4293 um   (matched to alpha = 1.281)
#   ni(lambda): UV side inverted from the scale-free ratio a*/b* = Cabs/Csca and extended
#   log-linearly below 400 nm (mineral absorption rises exponentially into the UV);
#   NIR side held FLAT above 750 nm (OPAC mineral ni has a plateau over 760-860 nm and
#   rises again toward 1240 nm, so continuing the visible-band decay is unphysical).
#
# WARNING: Rmean_eff is an EFFECTIVE spectral-slope parameter, not a physical particle size.
#   It disagrees with the g-derived radius (~0.10 um) by a factor of ~4-5. Do NOT use
#   Rmean_eff for phase function, P11/P12/P33 or bb/b. Those remain governed by the
#   Yellow_clay_AHN.mie phase blocks.
# NOTE: a slope discontinuity at exactly 700 nm is present in the PREVIOUS canonical data
#   itself and is passed through unchanged; it is not introduced by this revision.
# NOTE: this scalar revision does NOT update the Yellow_clay_AHN.mie phase blocks, nor the bulk
#   Extinct_Co/Scatter_Co columns mirrored into it. Re-mirroring is a separate task.
#
# Provenance: previous file SHA256 = 7336387f71aa16a0ce563a03626e4ff694e08b1243ecfd5e81136d246f2d4460
# Generated by src/regenerate.py of package OCRT_TSM_astar_bstar_MIEgraft_2026-08-29_KST
# wavelength_nm mass_specific_coefficient_m2_per_g
330.000000 6.693494119338e-01
331.000000 6.714260683921e-01
332.000000 6.735080950215e-01
333.000000 6.755897107730e-01
334.000000 6.776542686027e-01
335.000000 6.797056805112e-01
336.000000 6.817520545540e-01
337.000000 6.838034437206e-01
338.000000 6.858566120751e-01
339.000000 6.878927964531e-01
340.000000 6.899137114401e-01
341.000000 6.919280474128e-01
342.000000 6.939457951992e-01
343.000000 6.959686875711e-01
344.000000 6.979765509519e-01
345.000000 6.999662342740e-01
346.000000 7.019474682482e-01
347.000000 7.039288644943e-01
348.000000 7.059185932813e-01
349.000000 7.078983394392e-01
350.000000 7.098570156109e-01
351.000000 7.120583857998e-01
352.000000 7.142607677551e-01
353.000000 7.164774421676e-01
354.000000 7.186921955523e-01
355.000000 7.208874175853e-01
356.000000 7.230732830812e-01
357.000000 7.252581750241e-01
358.000000 7.274565024473e-01
359.000000 7.296565267161e-01
360.000000 7.318369786985e-01
361.000000 7.340054001639e-01
362.000000 7.361704750364e-01
363.000000 7.383464222616e-01
364.000000 7.405290397474e-01
365.000000 7.426940164111e-01
366.000000 7.448432148581e-01
367.000000 7.469867521669e-01
368.000000 7.491363339680e-01
369.000000 7.512973166377e-01
370.000000 7.534458274839e-01
371.000000 7.555746708160e-01
372.000000 7.576951939561e-01
373.000000 7.598156103338e-01
374.000000 7.619490268307e-01
375.000000 7.640785916523e-01
376.000000 7.661870654671e-01
377.000000 7.682827733015e-01
378.000000 7.703733535467e-01
379.000000 7.724726759500e-01
380.000000 7.745779445045e-01
381.000000 7.766662147259e-01
382.000000 7.787357471244e-01
383.000000 7.807968360017e-01
384.000000 7.828580239312e-01
385.000000 7.849303657072e-01
386.000000 7.869959324290e-01
387.000000 7.890401148065e-01
388.000000 7.910706270437e-01
389.000000 7.930945105491e-01
390.000000 7.951245898746e-01
391.000000 7.971599611814e-01
392.000000 7.991794977932e-01
393.000000 8.011786725298e-01
394.000000 8.031672309729e-01
395.000000 8.051517491519e-01
396.000000 8.071448736966e-01
397.000000 8.091349248865e-01
398.000000 8.111049941141e-01
399.000000 8.130572675648e-01
400.000000 8.150000000000e-01
401.000000 8.170733582114e-01
402.000000 8.191612405476e-01
403.000000 8.212486522082e-01
404.000000 8.233266915245e-01
405.000000 8.254026973187e-01
406.000000 8.274851380916e-01
407.000000 8.295854909019e-01
408.000000 8.317020049874e-01
409.000000 8.338187283123e-01
410.000000 8.359306744758e-01
411.000000 8.380446426476e-01
412.000000 8.401677450337e-01
413.000000 8.420174521946e-01
414.000000 8.438867627607e-01
415.000000 8.457621907912e-01
416.000000 8.476433365805e-01
417.000000 8.495371029421e-01
418.000000 8.514385395246e-01
419.000000 8.533475414470e-01
420.000000 8.552487633407e-01
421.000000 8.571423754539e-01
422.000000 8.590230193417e-01
423.000000 8.608910645876e-01
424.000000 8.627277344752e-01
425.000000 8.645315219845e-01
426.000000 8.662999101860e-01
427.000000 8.680383755654e-01
428.000000 8.697345563592e-01
429.000000 8.713795901009e-01
430.000000 8.729661931644e-01
431.000000 8.744972365004e-01
432.000000 8.759907191685e-01
433.000000 8.774288466937e-01
434.000000 8.787971735647e-01
435.000000 8.800976601181e-01
436.000000 8.813285015618e-01
437.000000 8.825095293106e-01
438.000000 8.836252533370e-01
439.000000 8.846733617780e-01
440.000000 8.856320721122e-01
441.000000 8.865204158650e-01
442.000000 8.873447248161e-01
443.000000 8.880958482188e-01
444.000000 8.887685608950e-01
445.000000 8.893351279246e-01
446.000000 8.898274933040e-01
447.000000 8.902709422851e-01
448.000000 8.906367210897e-01
449.000000 8.908843625314e-01
450.000000 8.910000000000e-01
451.000000 8.910700000000e-01
452.000000 8.911300000000e-01
453.000000 8.911700000000e-01
454.000000 8.912000000000e-01
455.000000 8.912100000000e-01
456.000000 8.911600000000e-01
457.000000 8.910100000000e-01
458.000000 8.908000000000e-01
459.000000 8.905500000000e-01
460.000000 8.902900000000e-01
461.000000 8.899900000000e-01
462.000000 8.896100000000e-01
463.000000 8.891700000000e-01
464.000000 8.886800000000e-01
465.000000 8.881700000000e-01
466.000000 8.876100000000e-01
467.000000 8.869800000000e-01
468.000000 8.862900000000e-01
469.000000 8.855500000000e-01
470.000000 8.847700000000e-01
471.000000 8.839400000000e-01
472.000000 8.830300000000e-01
473.000000 8.820700000000e-01
474.000000 8.810600000000e-01
475.000000 8.800000000000e-01
476.000000 8.788800000000e-01
477.000000 8.776900000000e-01
478.000000 8.764400000000e-01
479.000000 8.751600000000e-01
480.000000 8.738600000000e-01
481.000000 8.725300000000e-01
482.000000 8.711500000000e-01
483.000000 8.697400000000e-01
484.000000 8.683200000000e-01
485.000000 8.669100000000e-01
486.000000 8.654900000000e-01
487.000000 8.640600000000e-01
488.000000 8.626300000000e-01
489.000000 8.612100000000e-01
490.000000 8.598300000000e-01
491.000000 8.584700000000e-01
492.000000 8.571100000000e-01
493.000000 8.557900000000e-01
494.000000 8.545100000000e-01
495.000000 8.533000000000e-01
496.000000 8.521400000000e-01
497.000000 8.510000000000e-01
498.000000 8.499200000000e-01
499.000000 8.489100000000e-01
500.000000 8.480000000000e-01
501.000000 8.471700000000e-01
502.000000 8.463900000000e-01
503.000000 8.456600000000e-01
504.000000 8.450000000000e-01
505.000000 8.444100000000e-01
506.000000 8.438800000000e-01
507.000000 8.433900000000e-01
508.000000 8.429300000000e-01
509.000000 8.425200000000e-01
510.000000 8.421300000000e-01
511.000000 8.417700000000e-01
512.000000 8.414500000000e-01
513.000000 8.411400000000e-01
514.000000 8.408400000000e-01
515.000000 8.405400000000e-01
516.000000 8.402400000000e-01
517.000000 8.399500000000e-01
518.000000 8.396600000000e-01
519.000000 8.393600000000e-01
520.000000 8.390300000000e-01
521.000000 8.386700000000e-01
522.000000 8.383000000000e-01
523.000000 8.379000000000e-01
524.000000 8.374700000000e-01
525.000000 8.370000000000e-01
526.000000 8.364900000000e-01
527.000000 8.359200000000e-01
528.000000 8.353100000000e-01
529.000000 8.346600000000e-01
530.000000 8.339900000000e-01
531.000000 8.332800000000e-01
532.000000 8.325300000000e-01
533.000000 8.317300000000e-01
534.000000 8.309100000000e-01
535.000000 8.300700000000e-01
536.000000 8.292000000000e-01
537.000000 8.283100000000e-01
538.000000 8.273800000000e-01
539.000000 8.264300000000e-01
540.000000 8.254700000000e-01
541.000000 8.244900000000e-01
542.000000 8.234800000000e-01
543.000000 8.224600000000e-01
544.000000 8.214200000000e-01
545.000000 8.203800000000e-01
546.000000 8.193300000000e-01
547.000000 8.182600000000e-01
548.000000 8.171800000000e-01
549.000000 8.160900000000e-01
550.000000 8.150000000000e-01
551.000000 8.139100000000e-01
552.000000 8.128000000000e-01
553.000000 8.117000000000e-01
554.000000 8.105800000000e-01
555.000000 8.094500000000e-01
556.000000 8.083100000000e-01
557.000000 8.071700000000e-01
558.000000 8.060100000000e-01
559.000000 8.048300000000e-01
560.000000 8.036400000000e-01
561.000000 8.024300000000e-01
562.000000 8.012000000000e-01
563.000000 7.999600000000e-01
564.000000 7.986900000000e-01
565.000000 7.974000000000e-01
566.000000 7.960900000000e-01
567.000000 7.947500000000e-01
568.000000 7.933900000000e-01
569.000000 7.920000000000e-01
570.000000 7.905800000000e-01
571.000000 7.891300000000e-01
572.000000 7.876400000000e-01
573.000000 7.861300000000e-01
574.000000 7.845800000000e-01
575.000000 7.830000000000e-01
576.000000 7.813800000000e-01
577.000000 7.797200000000e-01
578.000000 7.780200000000e-01
579.000000 7.763100000000e-01
580.000000 7.745700000000e-01
581.000000 7.728100000000e-01
582.000000 7.710200000000e-01
583.000000 7.692100000000e-01
584.000000 7.673900000000e-01
585.000000 7.655700000000e-01
586.000000 7.637400000000e-01
587.000000 7.619000000000e-01
588.000000 7.600600000000e-01
589.000000 7.582200000000e-01
590.000000 7.563900000000e-01
591.000000 7.545700000000e-01
592.000000 7.527600000000e-01
593.000000 7.509500000000e-01
594.000000 7.491700000000e-01
595.000000 7.474100000000e-01
596.000000 7.456800000000e-01
597.000000 7.439600000000e-01
598.000000 7.422700000000e-01
599.000000 7.406200000000e-01
600.000000 7.390000000000e-01
601.000000 7.374300000000e-01
602.000000 7.358800000000e-01
603.000000 7.343700000000e-01
604.000000 7.329000000000e-01
605.000000 7.314500000000e-01
606.000000 7.300400000000e-01
607.000000 7.286500000000e-01
608.000000 7.273000000000e-01
609.000000 7.259700000000e-01
610.000000 7.246600000000e-01
611.000000 7.233700000000e-01
612.000000 7.221100000000e-01
613.000000 7.208700000000e-01
614.000000 7.196500000000e-01
615.000000 7.184400000000e-01
616.000000 7.172500000000e-01
617.000000 7.160700000000e-01
618.000000 7.149100000000e-01
619.000000 7.137600000000e-01
620.000000 7.126100000000e-01
621.000000 7.114700000000e-01
622.000000 7.103500000000e-01
623.000000 7.092300000000e-01
624.000000 7.081200000000e-01
625.000000 7.070000000000e-01
626.000000 7.058900000000e-01
627.000000 7.047800000000e-01
628.000000 7.036700000000e-01
629.000000 7.025500000000e-01
630.000000 7.014200000000e-01
631.000000 7.002800000000e-01
632.000000 6.991400000000e-01
633.000000 6.979900000000e-01
634.000000 6.968100000000e-01
635.000000 6.956200000000e-01
636.000000 6.944000000000e-01
637.000000 6.931700000000e-01
638.000000 6.919100000000e-01
639.000000 6.906300000000e-01
640.000000 6.893100000000e-01
641.000000 6.879600000000e-01
642.000000 6.865800000000e-01
643.000000 6.851600000000e-01
644.000000 6.837100000000e-01
645.000000 6.822100000000e-01
646.000000 6.806600000000e-01
647.000000 6.790700000000e-01
648.000000 6.774200000000e-01
649.000000 6.757300000000e-01
650.000000 6.740000000000e-01
651.000000 6.722100000000e-01
652.000000 6.703500000000e-01
653.000000 6.684400000000e-01
654.000000 6.665100000000e-01
655.000000 6.645700000000e-01
656.000000 6.626000000000e-01
657.000000 6.606000000000e-01
658.000000 6.585800000000e-01
659.000000 6.565700000000e-01
660.000000 6.545800000000e-01
661.000000 6.526000000000e-01
662.000000 6.506300000000e-01
663.000000 6.486700000000e-01
664.000000 6.467500000000e-01
665.000000 6.449000000000e-01
666.000000 6.430900000000e-01
667.000000 6.413100000000e-01
668.000000 6.395800000000e-01
669.000000 6.379400000000e-01
670.000000 6.364100000000e-01
671.000000 6.349600000000e-01
672.000000 6.335600000000e-01
673.000000 6.322400000000e-01
674.000000 6.310400000000e-01
675.000000 6.300000000000e-01
676.000000 6.290800000000e-01
677.000000 6.282300000000e-01
678.000000 6.274700000000e-01
679.000000 6.268000000000e-01
680.000000 6.262500000000e-01
681.000000 6.257900000000e-01
682.000000 6.253800000000e-01
683.000000 6.250200000000e-01
684.000000 6.247000000000e-01
685.000000 6.244300000000e-01
686.000000 6.242000000000e-01
687.000000 6.240100000000e-01
688.000000 6.238400000000e-01
689.000000 6.236600000000e-01
690.000000 6.234700000000e-01
691.000000 6.232700000000e-01
692.000000 6.230700000000e-01
693.000000 6.228600000000e-01
694.000000 6.226200000000e-01
695.000000 6.223400000000e-01
696.000000 6.220000000000e-01
697.000000 6.215900000000e-01
698.000000 6.211100000000e-01
699.000000 6.205800000000e-01
700.000000 6.200000000000e-01
701.000000 6.189297285030e-01
702.000000 6.178407158357e-01
703.000000 6.167717757833e-01
704.000000 6.157033230702e-01
705.000000 6.146173730411e-01
706.000000 6.135503416094e-01
707.000000 6.124838454980e-01
708.000000 6.114263026698e-01
709.000000 6.103607327511e-01
710.000000 6.092957572362e-01
711.000000 6.082391993621e-01
712.000000 6.071676836937e-01
713.000000 6.061194355896e-01
714.000000 6.050638807563e-01
715.000000 6.040086450485e-01
716.000000 6.029537545869e-01
717.000000 6.018992361598e-01
718.000000 6.008451177802e-01
719.000000 5.997914291925e-01
720.000000 5.987502021269e-01
721.000000 5.976970701831e-01
722.000000 5.966500683811e-01
723.000000 5.956032325503e-01
724.000000 5.945565987762e-01
725.000000 5.935152030838e-01
726.000000 5.924640814494e-01
727.000000 5.914182701273e-01
728.000000 5.903772061913e-01
729.000000 5.893319281129e-01
730.000000 5.882910761770e-01
731.000000 5.872502925788e-01
732.000000 5.862096211642e-01
733.000000 5.851657069085e-01
734.000000 5.841287953173e-01
735.000000 5.830887319406e-01
736.000000 5.820489621378e-01
737.000000 5.810095311464e-01
738.000000 5.799728844239e-01
739.000000 5.789362681590e-01
740.000000 5.778977297945e-01
741.000000 5.768615183918e-01
742.000000 5.758254847171e-01
743.000000 5.747896810212e-01
744.000000 5.737541605947e-01
745.000000 5.727199772490e-01
746.000000 5.716849848821e-01
747.000000 5.706510372457e-01
748.000000 5.696171879643e-01
749.000000 5.685834907880e-01
750.000000 5.675500000000e-01
751.000000 5.665172263315e-01
752.000000 5.654852499400e-01
753.000000 5.644540804430e-01
754.000000 5.634237279960e-01
755.000000 5.623942029622e-01
756.000000 5.613655155250e-01
757.000000 5.603376753570e-01
758.000000 5.593106914305e-01
759.000000 5.582845720042e-01
760.000000 5.572593247752e-01
761.000000 5.563319500334e-01
762.000000 5.554054971062e-01
763.000000 5.544799711004e-01
764.000000 5.535553775217e-01
765.000000 5.526317222804e-01
766.000000 5.517090115678e-01
767.000000 5.507872516503e-01
768.000000 5.498664486418e-01
769.000000 5.489466083152e-01
770.000000 5.480277359976e-01
771.000000 5.471098365668e-01
772.000000 5.461929145425e-01
773.000000 5.452769742465e-01
774.000000 5.443620199881e-01
775.000000 5.434480562285e-01
776.000000 5.425350876840e-01
777.000000 5.416231193449e-01
778.000000 5.407121564101e-01
779.000000 5.398022041609e-01
780.000000 5.388932678094e-01
781.000000 5.379853523618e-01
782.000000 5.370784625269e-01
783.000000 5.361726026875e-01
784.000000 5.352677769356e-01
785.000000 5.343639891598e-01
786.000000 5.334612431601e-01
787.000000 5.325595427616e-01
788.000000 5.316588919004e-01
789.000000 5.307592946618e-01
790.000000 5.298607552656e-01
791.000000 5.289632780060e-01
792.000000 5.280668671633e-01
793.000000 5.271715269110e-01
794.000000 5.262772612388e-01
795.000000 5.253840739096e-01
796.000000 5.244919684564e-01
797.000000 5.236009482193e-01
798.000000 5.227110164129e-01
799.000000 5.218221762080e-01
800.000000 5.209344308104e-01
801.000000 5.200477835167e-01
802.000000 5.191622377391e-01
803.000000 5.182777969916e-01
804.000000 5.173944648460e-01
805.000000 5.165122448681e-01
806.000000 5.156311405493e-01
807.000000 5.147511552497e-01
808.000000 5.138722921626e-01
809.000000 5.129945543067e-01
810.000000 5.121179445450e-01
811.000000 5.112424656257e-01
812.000000 5.103681202331e-01
813.000000 5.094949110380e-01
814.000000 5.086228407366e-01
815.000000 5.077519120698e-01
816.000000 5.068821278203e-01
817.000000 5.060134907896e-01
818.000000 5.051460037614e-01
819.000000 5.042796694589e-01
820.000000 5.034144905072e-01
821.000000 5.025504694070e-01
822.000000 5.016876085259e-01
823.000000 5.008259101083e-01
824.000000 4.999653763017e-01
825.000000 4.991060091948e-01
826.000000 4.982478108582e-01
827.000000 4.973907833807e-01
828.000000 4.965349288939e-01
829.000000 4.956802495797e-01
830.000000 4.948267476619e-01
831.000000 4.939744253824e-01
832.000000 4.931232849696e-01
833.000000 4.922733286040e-01
834.000000 4.914245583898e-01
835.000000 4.905769763351e-01
836.000000 4.897305843459e-01
837.000000 4.888853842322e-01
838.000000 4.880413777248e-01
839.000000 4.871985664973e-01
840.000000 4.863569521907e-01
841.000000 4.855165364324e-01
842.000000 4.846773208490e-01
843.000000 4.838393070695e-01
844.000000 4.830024967187e-01
845.000000 4.821668914038e-01
846.000000 4.813324926963e-01
847.000000 4.804993021141e-01
848.000000 4.796673211063e-01
849.000000 4.788365510449e-01
850.000000 4.780069932242e-01
851.000000 4.771786488678e-01
852.000000 4.763515191432e-01
853.000000 4.755256051796e-01
854.000000 4.747009080875e-01
855.000000 4.738774289758e-01
856.000000 4.730551689640e-01
857.000000 4.722341291873e-01
858.000000 4.714143107945e-01
859.000000 4.705957149398e-01
860.000000 4.697783427698e-01
861.000000 4.689981181653e-01
862.000000 4.682190836871e-01
863.000000 4.674412399495e-01
864.000000 4.666645875184e-01
865.000000 4.658891269100e-01
866.000000 4.651148585928e-01
867.000000 4.643417829936e-01
868.000000 4.635699005045e-01
869.000000 4.627992114902e-01
870.000000 4.620297162944e-01
871.000000 4.612614152433e-01
872.000000 4.604943086469e-01
873.000000 4.597283967979e-01
874.000000 4.589636799683e-01
875.000000 4.582001584046e-01
876.000000 4.574378323235e-01
877.000000 4.566767019070e-01
878.000000 4.559167672993e-01
879.000000 4.551580286062e-01
880.000000 4.544004858954e-01
881.000000 4.536441391998e-01
882.000000 4.528889885222e-01
883.000000 4.521350338414e-01
884.000000 4.513822751194e-01
885.000000 4.506307123076e-01
886.000000 4.498803453528e-01
887.000000 4.491311742013e-01
888.000000 4.483831988012e-01
889.000000 4.476364191027e-01
890.000000 4.468908350556e-01
891.000000 4.461464466060e-01
892.000000 4.454032536913e-01
893.000000 4.446612562351e-01
894.000000 4.439204541415e-01
895.000000 4.431808472912e-01
896.000000 4.424424355379e-01
897.000000 4.417052187060e-01
898.000000 4.409691965900e-01
899.000000 4.402343689553e-01
900.000000 4.395007355398e-01
901.000000 4.387682960559e-01
902.000000 4.380370501936e-01
903.000000 4.373069976227e-01
904.000000 4.365781379949e-01
905.000000 4.358504709451e-01
906.000000 4.351239960917e-01
907.000000 4.343987130359e-01
908.000000 4.336746213600e-01
909.000000 4.329517206258e-01
910.000000 4.322300103724e-01
911.000000 4.315094901140e-01
912.000000 4.307901593395e-01
913.000000 4.300720175125e-01
914.000000 4.293550640726e-01
915.000000 4.286392984387e-01
916.000000 4.279247200129e-01
917.000000 4.272113281852e-01
918.000000 4.264991223383e-01
919.000000 4.257881018523e-01
920.000000 4.250782661078e-01
921.000000 4.243696144877e-01
922.000000 4.236621463778e-01
923.000000 4.229558611655e-01
924.000000 4.222507582367e-01
925.000000 4.215468369723e-01
926.000000 4.208440967446e-01
927.000000 4.201425369127e-01
928.000000 4.194421568197e-01
929.000000 4.187429557901e-01
930.000000 4.180449331282e-01
931.000000 4.173480881183e-01
932.000000 4.166524200249e-01
933.000000 4.159579280937e-01
934.000000 4.152646115533e-01
935.000000 4.145724696167e-01
936.000000 4.138815014818e-01
937.000000 4.131917063327e-01
938.000000 4.125030833394e-01
939.000000 4.118156316577e-01
940.000000 4.111293504285e-01
941.000000 4.104442387766e-01
942.000000 4.097602958106e-01
943.000000 4.090775206216e-01
944.000000 4.083959122834e-01
945.000000 4.077154698523e-01
946.000000 4.070361923681e-01
947.000000 4.063580788551e-01
948.000000 4.056811283237e-01
949.000000 4.050053397721e-01
950.000000 4.043307121886e-01
951.000000 4.036572445534e-01
952.000000 4.029849358410e-01
953.000000 4.023137850215e-01
954.000000 4.016437910624e-01
955.000000 4.009749529294e-01
956.000000 4.003072695873e-01
957.000000 3.996407400000e-01
958.000000 3.989753631304e-01
959.000000 3.983111379399e-01
960.000000 3.976480633873e-01
961.000000 3.969861384284e-01
962.000000 3.963253620137e-01
963.000000 3.956657330882e-01
964.000000 3.950072505894e-01
965.000000 3.943499134462e-01
966.000000 3.936937205778e-01
967.000000 3.930386708924e-01
968.000000 3.923847632868e-01
969.000000 3.917319966452e-01
970.000000 3.910803698392e-01
971.000000 3.904298817275e-01
972.000000 3.897805311557e-01
973.000000 3.891323169571e-01
974.000000 3.884852379525e-01
975.000000 3.878392929512e-01
976.000000 3.871944807510e-01
977.000000 3.865508001391e-01
978.000000 3.859082498922e-01
979.000000 3.852668287767e-01
980.000000 3.846265355490e-01
981.000000 3.839873689552e-01
982.000000 3.833493277314e-01
983.000000 3.827124106034e-01
984.000000 3.820766162872e-01
985.000000 3.814419434890e-01
986.000000 3.808083909060e-01
987.000000 3.801759572275e-01
988.000000 3.795446411358e-01
989.000000 3.789144413078e-01
990.000000 3.782853564164e-01
991.000000 3.776573851319e-01
992.000000 3.770305261239e-01
993.000000 3.764047780616e-01
994.000000 3.757801396153e-01
995.000000 3.751566094564e-01
996.000000 3.745341862573e-01
997.000000 3.739128686914e-01
998.000000 3.732926554320e-01
999.000000 3.726735451516e-01
1000.000000 3.720555365207e-01
1001.000000 3.714386282070e-01
1002.000000 3.708228188742e-01
1003.000000 3.702081071814e-01
1004.000000 3.695944917825e-01
1005.000000 3.689819713253e-01
1006.000000 3.683705444517e-01
1007.000000 3.677602097971e-01
1008.000000 3.671509659905e-01
1009.000000 3.665428116540e-01
1010.000000 3.659357454029e-01
1011.000000 3.653297658453e-01
1012.000000 3.647248715821e-01
1013.000000 3.641210612066e-01
1014.000000 3.635183333043e-01
1015.000000 3.629166864529e-01
1016.000000 3.623161192220e-01
1017.000000 3.617166301734e-01
1018.000000 3.611182178613e-01
1019.000000 3.605208808321e-01
1020.000000 3.599246176256e-01
1021.000000 3.593294267744e-01
1022.000000 3.587353068053e-01
1023.000000 3.581422562391e-01
1024.000000 3.575502735913e-01
1025.000000 3.569593573728e-01
1026.000000 3.563695060899e-01
1027.000000 3.557807182452e-01
1028.000000 3.551929923375e-01
1029.000000 3.546063268629e-01
1030.000000 3.540207203150e-01
1031.000000 3.534361711857e-01
1032.000000 3.528526779655e-01
1033.000000 3.522702391445e-01
1034.000000 3.516888532125e-01
1035.000000 3.511085186601e-01
1036.000000 3.505292339790e-01
1037.000000 3.499509976618e-01
1038.000000 3.493738082028e-01
1039.000000 3.487976640976e-01
1040.000000 3.482225638431e-01
1041.000000 3.476485059369e-01
1042.000000 3.470754888771e-01
1043.000000 3.465035111613e-01
1044.000000 3.459325712866e-01
1045.000000 3.453626677483e-01
1046.000000 3.447937990399e-01
1047.000000 3.442259636521e-01
1048.000000 3.436591600728e-01
1049.000000 3.430933867863e-01
1050.000000 3.425286422735e-01
1051.000000 3.419649250115e-01
1052.000000 3.414022334734e-01
1053.000000 3.408405661285e-01
1054.000000 3.402799214420e-01
1055.000000 3.397202978750e-01
1056.000000 3.391616938846e-01
1057.000000 3.386041079238e-01
1058.000000 3.380475384412e-01
1059.000000 3.374919838812e-01
1060.000000 3.369374426842e-01
1061.000000 3.363839132860e-01
1062.000000 3.358313941183e-01
1063.000000 3.352798836089e-01
1064.000000 3.347293801816e-01
1065.000000 3.341798822564e-01
1066.000000 3.336313882503e-01
1067.000000 3.330838965770e-01
1068.000000 3.325374056478e-01
1069.000000 3.319919138715e-01
1070.000000 3.314474196556e-01
1071.000000 3.309039214057e-01
1072.000000 3.303614175267e-01
1073.000000 3.298199064228e-01
1074.000000 3.292793864982e-01
1075.000000 3.287398561569e-01
1076.000000 3.282013138037e-01
1077.000000 3.276637578439e-01
1078.000000 3.271271866841e-01
1079.000000 3.265915987320e-01
1080.000000 3.260569923968e-01
1081.000000 3.255233660897e-01
1082.000000 3.249907182234e-01
1083.000000 3.244590472127e-01
1084.000000 3.239283514742e-01
1085.000000 3.233986294264e-01
1086.000000 3.228698794895e-01
1087.000000 3.223421000856e-01
1088.000000 3.218152896377e-01
1089.000000 3.212894465702e-01
1090.000000 3.207645693081e-01
1091.000000 3.202406562769e-01
1092.000000 3.197177059022e-01
1093.000000 3.191957166094e-01
1094.000000 3.186746868232e-01
1095.000000 3.181546149676e-01
1096.000000 3.176354994655e-01
1097.000000 3.171173387383e-01
1098.000000 3.166001312061e-01
1099.000000 3.160838752874e-01
1100.000000 3.155685693988e-01
1240.000000 2.401100000000e-01
1536.000000 1.618700000000e-01
1650.000000 1.409300000000e-01
1950.000000 1.008100000000e-01
2250.000000 7.476600000000e-02
3750.000000 2.366100000000e-02
-1.0 0.0
