# AFGL Standard Atmosphere: US Standard 1976
# Reference: FASCODE Model (RFM .atm, equivalent to Anderson 1986 AFGL-TR-86-0110)
# Source: https://eodg.atm.ox.ac.uk/RFM/atm/std.atm
# n_layers=40 (boundaries; layers = n-1 between consecutive z)
# Converted from RFM 50-level (0-120 km) by linear interp on z; P,H2O,O3,CH4 use log-space
# NO2 column 보존: 기존 OCRT 파일 mr_NO2 그대로 (RFM 에 NO2 없음)
# Verified: O3 column = 346.9 DU (RFM 원본 345.4 DU, 보간오차 +0.43%)
# columns: z_km  P_mbar  T_K  n_cm-3  mr_H2O_ppmv  mr_O3_ppmv  mr_O2_ppmv  mr_CO2_ppmv  mr_NO2_ppmv  mr_CH4_ppmv
# mr = volume mixing ratio (ppmv = parts per million by volume)
  0.00  1.01300e+03  288.200  2.54585e+19  7.74500e+03  2.66000e-02  2.09000e+05  3.30000e+02  3.00000e-05  1.70000e+00
  0.50  9.54193e+02  284.950  2.42541e+19  6.85711e+03  2.79221e-02  2.09000e+05  3.30000e+02  3.00000e-05  1.70000e+00
  1.00  8.98800e+02  281.700  2.31096e+19  6.07100e+03  2.93100e-02  2.09000e+05  3.30000e+02  3.00000e-05  1.70000e+00
  1.50  8.45308e+02  278.450  2.19879e+19  5.30234e+03  3.08020e-02  2.09000e+05  3.30000e+02  3.00000e-05  1.70000e+00
  2.00  7.95000e+02  275.200  2.09236e+19  4.63100e+03  3.23700e-02  2.09000e+05  3.30000e+02  3.00000e-05  1.70000e+00
  2.50  7.46628e+02  271.950  1.98853e+19  3.83873e+03  3.27725e-02  2.09000e+05  3.30000e+02  3.00000e-05  1.70000e+00
  3.00  7.01200e+02  268.700  1.89013e+19  3.18200e+03  3.31800e-02  2.09000e+05  3.30000e+02  3.00000e-05  1.70000e+00
  3.50  6.57541e+02  265.450  1.79414e+19  2.62045e+03  3.35232e-02  2.09000e+05  3.30000e+02  3.00000e-05  1.70000e+00
  4.00  6.16600e+02  262.200  1.70329e+19  2.15800e+03  3.38700e-02  2.09000e+05  3.30000e+02  3.00000e-05  1.70000e+00
  4.50  5.77297e+02  258.950  1.61473e+19  1.73630e+03  3.57242e-02  2.09000e+05  3.30000e+02  3.00000e-05  1.70000e+00
  5.00  5.40500e+02  255.700  1.53102e+19  1.39700e+03  3.76800e-02  2.09000e+05  3.30000e+02  3.00000e-05  1.70000e+00
  5.50  5.05197e+02  252.450  1.44945e+19  1.13701e+03  3.93624e-02  2.09000e+05  3.30000e+02  3.00000e-05  1.70000e+00
  6.00  4.72200e+02  249.200  1.37244e+19  9.25400e+02  4.11200e-02  2.09000e+05  3.30000e+02  3.00000e-05  1.70000e+00
  6.50  4.40592e+02  245.950  1.29750e+19  7.27550e+02  4.53839e-02  2.09000e+05  3.30000e+02  3.00000e-05  1.69950e+00
  7.00  4.11100e+02  242.700  1.22686e+19  5.72000e+02  5.00900e-02  2.09000e+05  3.30000e+02  3.00000e-05  1.69900e+00
  7.50  3.82828e+02  239.450  1.15799e+19  4.57987e+02  5.46660e-02  2.09000e+05  3.30000e+02  3.00000e-05  1.69800e+00
  8.00  3.56500e+02  236.200  1.09319e+19  3.66700e+02  5.96600e-02  2.09000e+05  3.30000e+02  3.00000e-05  1.69700e+00
  9.00  3.08000e+02  229.700  9.71195e+18  1.58300e+02  9.16800e-02  2.09000e+05  3.30000e+02  3.00000e-05  1.69300e+00
 10.00  2.65000e+02  223.300  8.59555e+18  6.99600e+01  1.31300e-01  2.09000e+05  3.30000e+02  3.00000e-05  1.68500e+00
 11.00  2.27000e+02  216.800  7.58374e+18  3.61300e+01  2.14900e-01  2.09000e+05  3.30000e+02  3.00000e-05  1.67500e+00
 12.00  1.94000e+02  216.700  6.48425e+18  1.90600e+01  3.09500e-01  2.09000e+05  3.30000e+02  3.00000e-05  1.66200e+00
 13.00  1.65800e+02  216.700  5.54169e+18  1.08500e+01  3.84600e-01  2.09000e+05  3.30000e+02  3.00000e-05  1.64500e+00
 14.00  1.41700e+02  216.700  4.73617e+18  5.92700e+00  5.03000e-01  2.09000e+05  3.30000e+02  3.00000e-05  1.62600e+00
 15.00  1.21100e+02  216.700  4.04764e+18  5.00000e+00  6.50500e-01  2.09000e+05  3.30000e+02  3.20000e-05  1.60500e+00
 16.00  1.03500e+02  216.700  3.45938e+18  3.95000e+00  8.70100e-01  2.09000e+05  3.30000e+02  3.50000e-05  1.58200e+00
 18.00  7.56500e+01  216.700  2.52852e+18  3.82500e+00  1.58700e+00  2.09000e+05  3.30000e+02  5.00000e-05  1.52100e+00
 20.00  5.52900e+01  216.700  1.84801e+18  3.90000e+00  2.57900e+00  2.09000e+05  3.30000e+02  1.00000e-04  1.42400e+00
 22.00  4.04700e+01  218.600  1.34091e+18  4.06500e+00  3.64700e+00  2.09000e+05  3.30000e+02  2.30000e-04  1.27200e+00
 24.00  2.97200e+01  220.600  9.75798e+17  4.30000e+00  4.62700e+00  2.09000e+05  3.30000e+02  5.20000e-04  1.11800e+00
 26.00  2.18948e+01  222.560  7.12542e+17  4.48440e+00  5.38172e+00  2.09000e+05  3.30000e+02  1.04044e-03  1.02726e+00
 28.00  1.61680e+01  224.500  5.21623e+17  4.60461e+00  5.94580e+00  2.09000e+05  3.30000e+02  1.91704e-03  9.71863e-01
 30.00  1.19700e+01  226.500  3.82774e+17  4.72500e+00  6.55300e+00  2.09000e+05  3.30000e+02  3.10000e-03  9.13600e-01
 33.00  7.49513e+00  231.300  2.34704e+17  4.83991e+00  7.46355e+00  2.09000e+05  3.30000e+02  5.34805e-03  8.12475e-01
 37.00  4.42906e+00  241.620  1.32769e+17  4.93996e+00  7.80739e+00  2.09000e+05  3.30000e+02  8.17626e-03  6.77843e-01
 42.00  2.20141e+00  255.920  6.23036e+16  5.12475e+00  6.40587e+00  2.09000e+05  3.30000e+02  9.21991e-03  4.80272e-01
 50.00  7.97800e-01  270.700  2.13463e+16  5.22500e+00  3.10000e+00  2.09000e+05  3.30000e+02  4.20000e-03  2.10000e-01
 60.00  2.19000e-01  247.000  6.42191e+15  4.75000e+00  1.10000e+00  2.09000e+05  3.30000e+02  4.50000e-04  1.50000e-01
 75.00  2.40000e-02  208.400  8.34123e+14  2.82500e+00  2.50000e-01  2.09000e+05  3.30000e+02  1.00000e-05  1.50000e-01
 90.00  1.84000e-03  186.900  7.13059e+13  8.50000e-01  7.00000e-01  1.90000e+05  3.10000e+02  3.00000e-07  1.40000e-01
100.00  3.20000e-04  195.100  1.18798e+13  4.00000e-01  4.00000e-01  1.60000e+05  1.95000e+02  3.00000e-08  1.20000e-01
