# AFGL Standard Atmosphere: Sub-Arctic Winter (60N Jan)
# Reference: FASCODE Model (RFM .atm, equivalent to Anderson 1986 AFGL-TR-86-0110)
# Source: https://eodg.atm.ox.ac.uk/RFM/atm/saw.atm
# n_layers=46 (boundaries; layers = n-1 between consecutive z)
# Converted from RFM 50-level (0-120 km) by linear interp on z; P,H2O,O3,CH4 use log-space
# NO2 column 보존: 기존 OCRT 파일 mr_NO2 그대로 (RFM 에 NO2 없음)
# Verified: O3 column = 376.8 DU (RFM 원본 376.8 DU, 보간오차 -0.00%)
# columns: z_km  P_mbar  T_K  n_cm-3  mr_H2O_ppmv  mr_O3_ppmv  mr_O2_ppmv  mr_CO2_ppmv  mr_NO2_ppmv  mr_CH4_ppmv
# mr = volume mixing ratio (ppmv = parts per million by volume)
  0.00  1.01300e+03  257.200  2.85269e+19  1.40500e+03  1.80200e-02  2.09000e+05  3.30000e+02  3.00000e-05  1.70000e+00
  1.00  8.87800e+02  259.100  2.48179e+19  1.61500e+03  2.07200e-02  2.09000e+05  3.30000e+02  3.00000e-05  1.70000e+00
  2.00  7.77500e+02  255.900  2.20063e+19  1.42700e+03  2.33600e-02  2.09000e+05  3.30000e+02  3.00000e-05  1.70000e+00
  3.00  6.79800e+02  252.700  1.94847e+19  1.16600e+03  2.76700e-02  2.09000e+05  3.30000e+02  3.00000e-05  1.70000e+00
  4.00  5.93200e+02  247.700  1.73457e+19  7.89800e+02  3.25300e-02  2.09000e+05  3.30000e+02  3.00000e-05  1.69700e+00
  5.00  5.15800e+02  240.900  1.55082e+19  4.30900e+02  3.80100e-02  2.09000e+05  3.30000e+02  3.00000e-05  1.68700e+00
  6.00  4.46700e+02  234.100  1.38207e+19  2.36900e+02  4.44600e-02  2.09000e+05  3.30000e+02  3.00000e-05  1.67200e+00
  7.00  3.85300e+02  227.300  1.22777e+19  1.47000e+02  7.25200e-02  2.09000e+05  3.30000e+02  3.00000e-05  1.64900e+00
  8.00  3.30800e+02  220.600  1.08612e+19  3.38400e+01  1.04000e-01  2.09000e+05  3.30000e+02  3.00000e-05  1.62900e+00
  9.00  2.82900e+02  217.200  9.43387e+18  2.97600e+01  2.10000e-01  2.09000e+05  3.30000e+02  3.00000e-05  1.61500e+00
 10.00  2.41800e+02  217.200  8.06331e+18  2.00000e+01  3.00000e-01  2.09000e+05  3.30000e+02  3.00000e-05  1.57900e+00
 11.00  2.06700e+02  217.200  6.89283e+18  1.00000e+01  3.50000e-01  2.09000e+05  3.30000e+02  3.00000e-05  1.54200e+00
 12.00  1.76600e+02  217.200  5.88908e+18  6.00000e+00  4.00000e-01  2.09000e+05  3.30000e+02  3.00000e-05  1.50600e+00
 13.00  1.51000e+02  217.200  5.03540e+18  4.45000e+00  6.50000e-01  2.09000e+05  3.30000e+02  3.00000e-05  1.47100e+00
 14.00  1.29100e+02  217.200  4.30510e+18  4.50000e+00  9.00000e-01  2.09000e+05  3.30000e+02  3.00000e-05  1.43400e+00
 15.00  1.10300e+02  217.200  3.67818e+18  4.55000e+00  1.20000e+00  2.09000e+05  3.30000e+02  3.20000e-05  1.38900e+00
 16.00  9.43100e+01  216.600  3.15367e+18  4.60000e+00  1.50000e+00  2.09000e+05  3.30000e+02  3.50000e-05  1.34200e+00
 17.00  8.05800e+01  216.000  2.70203e+18  4.65000e+00  1.90000e+00  2.09000e+05  3.30000e+02  4.00000e-05  1.29000e+00
 18.00  6.88200e+01  215.400  2.31412e+18  4.70000e+00  2.45000e+00  2.09000e+05  3.30000e+02  5.00000e-05  1.23000e+00
 19.00  5.87500e+01  214.800  1.98103e+18  4.75000e+00  3.10000e+00  2.09000e+05  3.30000e+02  7.00000e-05  1.16100e+00
 20.00  5.01400e+01  214.200  1.69544e+18  4.80000e+00  3.70000e+00  2.09000e+05  3.30000e+02  1.00000e-04  1.08400e+00
 21.00  4.27700e+01  213.600  1.45029e+18  4.85000e+00  4.00000e+00  2.09000e+05  3.30000e+02  1.50000e-04  1.01400e+00
 22.00  3.64700e+01  213.000  1.24015e+18  4.90000e+00  4.20000e+00  2.09000e+05  3.30000e+02  2.30000e-04  9.56100e-01
 23.00  3.10900e+01  212.400  1.06019e+18  4.95000e+00  4.50000e+00  2.09000e+05  3.30000e+02  3.50000e-04  9.00900e-01
 24.00  2.64900e+01  211.800  9.05884e+17  5.00000e+00  4.60000e+00  2.09000e+05  3.30000e+02  5.20000e-04  8.47900e-01
 25.00  2.25600e+01  211.200  7.73681e+17  5.00000e+00  4.70000e+00  2.09000e+05  3.30000e+02  7.50000e-04  7.96100e-01
 27.50  1.51300e+01  213.600  5.13044e+17  5.00000e+00  4.90000e+00  2.09000e+05  3.30000e+02  1.70000e-03  7.44900e-01
 30.00  1.02000e+01  216.000  3.42029e+17  5.00000e+00  5.40000e+00  2.09000e+05  3.30000e+02  3.10000e-03  6.94100e-01
 32.50  6.91000e+00  218.500  2.29057e+17  5.00000e+00  5.90000e+00  2.09000e+05  3.30000e+02  5.00000e-03  6.43400e-01
 35.00  4.70100e+00  222.300  1.53168e+17  5.00000e+00  6.20000e+00  2.09000e+05  3.30000e+02  7.00000e-03  5.88300e-01
 37.50  3.23000e+00  228.500  1.02384e+17  5.00000e+00  6.25000e+00  2.09000e+05  3.30000e+02  8.50000e-03  5.23800e-01
 40.00  2.24300e+00  234.700  6.92202e+16  5.00000e+00  5.90000e+00  2.09000e+05  3.30000e+02  9.30000e-03  4.50500e-01
 42.50  1.57000e+00  240.800  4.72237e+16  5.00000e+00  5.10000e+00  2.09000e+05  3.30000e+02  9.20000e-03  3.70800e-01
 45.00  1.11300e+00  247.000  3.26374e+16  5.00000e+00  4.10000e+00  2.09000e+05  3.30000e+02  8.30000e-03  3.00400e-01
 47.50  7.90000e-01  253.200  2.25985e+16  5.00000e+00  3.00000e+00  2.09000e+05  3.30000e+02  6.50000e-03  2.45300e-01
 50.00  5.71900e-01  259.300  1.59748e+16  4.95000e+00  2.60000e+00  2.09000e+05  3.30000e+02  4.20000e-03  1.98000e-01
 55.00  2.99000e-01  259.100  8.35835e+15  4.85000e+00  1.60000e+00  2.09000e+05  3.30000e+02  1.50000e-03  1.59000e-01
 60.00  1.55000e-01  250.900  4.47453e+15  4.50000e+00  9.50000e-01  2.09000e+05  3.30000e+02  4.50000e-04  1.50000e-01
 65.00  7.90000e-02  248.400  2.30352e+15  4.00000e+00  6.50000e-01  2.09000e+05  3.30000e+02  1.20000e-04  1.50000e-01
 70.00  4.00000e-02  245.400  1.18060e+15  3.30000e+00  5.00000e-01  2.09000e+05  3.30000e+02  3.00000e-05  1.50000e-01
 75.00  2.00000e-02  234.700  6.17211e+14  2.70000e+00  3.30000e-01  2.09000e+05  3.30000e+02  1.00000e-05  1.50000e-01
 80.00  9.66000e-03  223.900  3.12493e+14  2.00000e+00  1.30000e-01  2.09000e+05  3.28000e+02  3.00000e-06  1.50000e-01
 85.00  4.50000e-03  213.100  1.52949e+14  1.33000e+00  7.50000e-01  2.00000e+05  3.20000e+02  1.00000e-06  1.50000e-01
 90.00  2.02200e-03  202.300  7.23939e+13  8.50000e-01  8.00000e-01  1.90000e+05  3.10000e+02  3.00000e-07  1.40000e-01
 95.00  9.07000e-04  211.000  3.11345e+13  5.40000e-01  8.00000e-01  1.80000e+05  2.70000e+02  1.00000e-07  1.30000e-01
100.00  4.23000e-04  218.500  1.40219e+13  4.00000e-01  4.00000e-01  1.60000e+05  1.95000e+02  3.00000e-08  1.20000e-01
