# AFGL Standard Atmosphere: Mid-Latitude Summer (45N July)
# Reference: FASCODE Model (RFM .atm, equivalent to Anderson 1986 AFGL-TR-86-0110)
# Source: https://eodg.atm.ox.ac.uk/RFM/atm/mls.atm
# n_layers=46 (boundaries; layers = n-1 between consecutive z)
# Converted from RFM 50-level (0-120 km) by linear interp on z; P,H2O,O3,CH4 use log-space
# NO2 column 보존: 기존 OCRT 파일 mr_NO2 그대로 (RFM 에 NO2 없음)
# Verified: O3 column = 335.5 DU (RFM 원본 335.5 DU, 보간오차 -0.00%)
# columns: z_km  P_mbar  T_K  n_cm-3  mr_H2O_ppmv  mr_O3_ppmv  mr_O2_ppmv  mr_CO2_ppmv  mr_NO2_ppmv  mr_CH4_ppmv
# mr = volume mixing ratio (ppmv = parts per million by volume)
  0.00  1.01300e+03  294.200  2.49393e+19  1.87600e+04  3.01700e-02  2.09000e+05  3.30000e+02  3.00000e-05  1.70000e+00
  1.00  9.02000e+02  289.700  2.25515e+19  1.37800e+04  3.33700e-02  2.09000e+05  3.30000e+02  3.00000e-05  1.70000e+00
  2.00  8.02000e+02  285.200  2.03677e+19  9.68000e+03  3.69400e-02  2.09000e+05  3.30000e+02  3.00000e-05  1.70000e+00
  3.00  7.10000e+02  279.200  1.84187e+19  5.98400e+03  4.22200e-02  2.09000e+05  3.30000e+02  3.00000e-05  1.70000e+00
  4.00  6.28000e+02  273.200  1.66493e+19  3.81300e+03  4.82100e-02  2.09000e+05  3.30000e+02  3.00000e-05  1.69700e+00
  5.00  5.54000e+02  267.200  1.50172e+19  2.22500e+03  5.51200e-02  2.09000e+05  3.30000e+02  3.00000e-05  1.68700e+00
  6.00  4.87000e+02  261.200  1.35043e+19  1.51000e+03  6.40800e-02  2.09000e+05  3.30000e+02  3.00000e-05  1.67200e+00
  7.00  4.26000e+02  254.700  1.21143e+19  1.02000e+03  7.76400e-02  2.09000e+05  3.30000e+02  3.00000e-05  1.64900e+00
  8.00  3.72000e+02  248.200  1.08557e+19  6.46400e+02  9.12600e-02  2.09000e+05  3.30000e+02  3.00000e-05  1.62900e+00
  9.00  3.24000e+02  241.700  9.70924e+18  4.12900e+02  1.11100e-01  2.09000e+05  3.30000e+02  3.00000e-05  1.61500e+00
 10.00  2.81000e+02  235.300  8.64970e+18  2.47200e+02  1.30400e-01  2.09000e+05  3.30000e+02  3.00000e-05  1.57900e+00
 11.00  2.43000e+02  228.800  7.69249e+18  9.55600e+01  1.79300e-01  2.09000e+05  3.30000e+02  3.00000e-05  1.54200e+00
 12.00  2.09000e+02  222.300  6.80963e+18  2.94400e+01  2.23000e-01  2.09000e+05  3.30000e+02  3.00000e-05  1.50800e+00
 13.00  1.79000e+02  215.800  6.00784e+18  8.00000e+00  3.00000e-01  2.09000e+05  3.30000e+02  3.00000e-05  1.47900e+00
 14.00  1.53000e+02  215.700  5.13757e+18  5.00000e+00  4.40000e-01  2.09000e+05  3.30000e+02  3.00000e-05  1.45100e+00
 15.00  1.30000e+02  215.700  4.36526e+18  3.40000e+00  5.00000e-01  2.09000e+05  3.30000e+02  3.20000e-05  1.42200e+00
 16.00  1.11000e+02  215.700  3.72726e+18  3.30000e+00  6.00000e-01  2.09000e+05  3.30000e+02  3.50000e-05  1.39000e+00
 17.00  9.50000e+01  215.700  3.19000e+18  3.20000e+00  7.00000e-01  2.09000e+05  3.30000e+02  4.00000e-05  1.35600e+00
 18.00  8.12000e+01  216.800  2.71277e+18  3.15000e+00  1.00000e+00  2.09000e+05  3.30000e+02  5.00000e-05  1.32300e+00
 19.00  6.95000e+01  217.900  2.31017e+18  3.20000e+00  1.50000e+00  2.09000e+05  3.30000e+02  7.00000e-05  1.28100e+00
 20.00  5.95000e+01  219.200  1.96604e+18  3.30000e+00  2.00000e+00  2.09000e+05  3.30000e+02  1.00000e-04  1.22400e+00
 21.00  5.10000e+01  220.400  1.67600e+18  3.45000e+00  2.40000e+00  2.09000e+05  3.30000e+02  1.50000e-04  1.15400e+00
 22.00  4.37000e+01  221.600  1.42833e+18  3.60000e+00  2.90000e+00  2.09000e+05  3.30000e+02  2.30000e-04  1.06600e+00
 23.00  3.76000e+01  222.800  1.22233e+18  3.85000e+00  3.40000e+00  2.09000e+05  3.30000e+02  3.50000e-04  9.73000e-01
 24.00  3.22000e+01  223.900  1.04164e+18  4.00000e+00  4.00000e+00  2.09000e+05  3.30000e+02  5.20000e-04  8.80000e-01
 25.00  2.77000e+01  225.100  8.91294e+17  4.20000e+00  4.80000e+00  2.09000e+05  3.30000e+02  7.50000e-04  7.88800e-01
 27.50  1.90700e+01  228.450  6.04611e+17  4.45000e+00  6.00000e+00  2.09000e+05  3.30000e+02  1.70000e-03  7.04600e-01
 30.00  1.32000e+01  233.700  4.09102e+17  4.70000e+00  7.00000e+00  2.09000e+05  3.30000e+02  3.10000e-03  6.31500e-01
 32.50  9.30000e+00  239.000  2.81839e+17  4.85000e+00  8.10000e+00  2.09000e+05  3.30000e+02  5.00000e-03  5.59200e-01
 35.00  6.52000e+00  245.200  1.92594e+17  4.95000e+00  8.90000e+00  2.09000e+05  3.30000e+02  7.00000e-03  5.00800e-01
 37.50  4.64000e+00  251.300  1.33734e+17  5.00000e+00  8.70000e+00  2.09000e+05  3.30000e+02  8.50000e-03  4.45300e-01
 40.00  3.33000e+00  257.500  9.36664e+16  5.10000e+00  7.55000e+00  2.09000e+05  3.30000e+02  9.30000e-03  3.91600e-01
 42.50  2.41000e+00  263.700  6.61948e+16  5.30000e+00  5.90000e+00  2.09000e+05  3.30000e+02  9.20000e-03  3.38900e-01
 45.00  1.76000e+00  269.900  4.72309e+16  5.45000e+00  4.50000e+00  2.09000e+05  3.30000e+02  8.30000e-03  2.87300e-01
 47.50  1.29000e+00  275.200  3.39514e+16  5.50000e+00  3.50000e+00  2.09000e+05  3.30000e+02  6.50000e-03  2.38400e-01
 50.00  9.51000e-01  275.700  2.49839e+16  5.50000e+00  2.80000e+00  2.09000e+05  3.30000e+02  4.20000e-03  1.94400e-01
 55.00  5.15000e-01  269.300  1.38512e+16  5.35000e+00  1.80000e+00  2.09000e+05  3.30000e+02  1.50000e-03  1.57400e-01
 60.00  2.72000e-01  257.100  7.66273e+15  5.00000e+00  1.30000e+00  2.09000e+05  3.30000e+02  4.50000e-04  1.50000e-01
 65.00  1.39000e-01  240.100  4.19314e+15  4.40000e+00  8.00000e-01  2.09000e+05  3.30000e+02  1.20000e-04  1.50000e-01
 70.00  6.70000e-02  218.100  2.22503e+15  3.70000e+00  4.00000e-01  2.09000e+05  3.30000e+02  3.00000e-05  1.50000e-01
 75.00  3.00000e-02  196.100  1.10805e+15  2.95000e+00  1.90000e-01  2.09000e+05  3.30000e+02  1.00000e-05  1.50000e-01
 80.00  1.20000e-02  174.100  4.99228e+14  2.10000e+00  2.00000e-01  2.09000e+05  3.28000e+02  3.00000e-06  1.50000e-01
 85.00  4.48000e-03  165.100  1.96539e+14  1.33000e+00  5.70000e-01  2.00000e+05  3.20000e+02  1.00000e-06  1.50000e-01
 90.00  1.64000e-03  165.000  7.19907e+13  8.50000e-01  7.50000e-01  1.90000e+05  3.10000e+02  3.00000e-07  1.40000e-01
 95.00  6.25000e-04  178.300  2.53890e+13  5.40000e-01  7.00000e-01  1.80000e+05  2.70000e+02  1.00000e-07  1.30000e-01
100.00  2.58000e-04  190.500  9.80938e+12  4.00000e-01  4.00000e-01  1.60000e+05  1.95000e+02  3.00000e-08  1.20000e-01
