# AFGL Standard Atmosphere: Sub-Arctic Summer (60N July)
# Reference: FASCODE Model (RFM .atm, equivalent to Anderson 1986 AFGL-TR-86-0110)
# Source: https://eodg.atm.ox.ac.uk/RFM/atm/sas.atm
# n_layers=46 (boundaries; layers = n-1 between consecutive z)
# Converted from RFM 50-level (0-120 km) by linear interp on z; P,H2O,O3,CH4 use log-space
# NO2 column 보존: 기존 OCRT 파일 mr_NO2 그대로 (RFM 에 NO2 없음)
# Verified: O3 column = 348.8 DU (RFM 원본 348.8 DU, 보간오차 -0.00%)
# columns: z_km  P_mbar  T_K  n_cm-3  mr_H2O_ppmv  mr_O3_ppmv  mr_O2_ppmv  mr_CO2_ppmv  mr_NO2_ppmv  mr_CH4_ppmv
# mr = volume mixing ratio (ppmv = parts per million by volume)
  0.00  1.01000e+03  287.200  2.54714e+19  1.19400e+04  2.41200e-02  2.09000e+05  3.30000e+02  3.00000e-05  1.70000e+00
  1.00  8.96000e+02  281.700  2.30376e+19  8.70100e+03  2.94000e-02  2.09000e+05  3.30000e+02  3.00000e-05  1.70000e+00
  2.00  7.92900e+02  276.300  2.07852e+19  6.75000e+03  3.37900e-02  2.09000e+05  3.30000e+02  3.00000e-05  1.70000e+00
  3.00  7.00000e+02  270.900  1.87157e+19  4.82000e+03  3.88700e-02  2.09000e+05  3.30000e+02  3.00000e-05  1.70000e+00
  4.00  6.16000e+02  265.500  1.68048e+19  3.38000e+03  4.47800e-02  2.09000e+05  3.30000e+02  3.00000e-05  1.69700e+00
  5.00  5.41000e+02  260.100  1.50652e+19  2.21800e+03  5.32800e-02  2.09000e+05  3.30000e+02  3.00000e-05  1.68700e+00
  6.00  4.74000e+02  253.100  1.35645e+19  1.33000e+03  6.56400e-02  2.09000e+05  3.30000e+02  3.00000e-05  1.67200e+00
  7.00  4.13000e+02  246.100  1.21550e+19  7.97100e+02  7.73800e-02  2.09000e+05  3.30000e+02  3.00000e-05  1.64900e+00
  8.00  3.59000e+02  239.200  1.08705e+19  3.99600e+02  9.11400e-02  2.09000e+05  3.30000e+02  3.00000e-05  1.62900e+00
  9.00  3.10800e+02  232.200  9.69473e+18  1.30000e+02  1.42000e-01  2.09000e+05  3.30000e+02  3.00000e-05  1.61500e+00
 10.00  2.67700e+02  225.200  8.60987e+18  4.24000e+01  1.89000e-01  2.09000e+05  3.30000e+02  3.00000e-05  1.57900e+00
 11.00  2.30000e+02  225.200  7.39735e+18  1.33000e+01  3.05000e-01  2.09000e+05  3.30000e+02  3.00000e-05  1.54200e+00
 12.00  1.97700e+02  225.200  6.35850e+18  6.00000e+00  4.10000e-01  2.09000e+05  3.30000e+02  3.00000e-05  1.50600e+00
 13.00  1.70000e+02  225.200  5.46761e+18  4.45000e+00  5.00000e-01  2.09000e+05  3.30000e+02  3.00000e-05  1.47100e+00
 14.00  1.46000e+02  225.200  4.69571e+18  4.00000e+00  6.00000e-01  2.09000e+05  3.30000e+02  3.00000e-05  1.43400e+00
 15.00  1.26000e+02  225.200  4.05246e+18  4.00000e+00  7.00000e-01  2.09000e+05  3.30000e+02  3.20000e-05  1.38900e+00
 16.00  1.08000e+02  225.200  3.47354e+18  4.00000e+00  8.50000e-01  2.09000e+05  3.30000e+02  3.50000e-05  1.34200e+00
 17.00  9.28000e+01  225.200  2.98467e+18  4.05000e+00  1.00000e+00  2.09000e+05  3.30000e+02  4.00000e-05  1.29000e+00
 18.00  7.98000e+01  225.200  2.56656e+18  4.30000e+00  1.30000e+00  2.09000e+05  3.30000e+02  5.00000e-05  1.23000e+00
 19.00  6.86000e+01  225.200  2.20634e+18  4.50000e+00  1.70000e+00  2.09000e+05  3.30000e+02  7.00000e-05  1.15700e+00
 20.00  5.90000e+01  225.200  1.89758e+18  4.60000e+00  2.10000e+00  2.09000e+05  3.30000e+02  1.00000e-04  1.07200e+00
 21.00  5.07000e+01  225.200  1.63063e+18  4.70000e+00  2.70000e+00  2.09000e+05  3.30000e+02  1.50000e-04  9.90300e-01
 22.00  4.36000e+01  225.200  1.40228e+18  4.80000e+00  3.30000e+00  2.09000e+05  3.30000e+02  2.30000e-04  9.17000e-01
 23.00  3.75000e+01  225.200  1.20609e+18  4.83000e+00  3.70000e+00  2.09000e+05  3.30000e+02  3.50000e-04  8.57400e-01
 24.00  3.22800e+01  226.600  1.03179e+18  4.85000e+00  4.20000e+00  2.09000e+05  3.30000e+02  5.20000e-04  8.01300e-01
 25.00  2.78000e+01  228.100  8.82747e+17  4.90000e+00  4.50000e+00  2.09000e+05  3.30000e+02  7.50000e-04  7.47700e-01
 27.50  1.92300e+01  231.000  6.02954e+17  4.95000e+00  5.30000e+00  2.09000e+05  3.30000e+02  1.70000e-03  6.95600e-01
 30.00  1.34000e+01  235.100  4.12828e+17  5.00000e+00  5.70000e+00  2.09000e+05  3.30000e+02  3.10000e-03  6.44200e-01
 32.50  9.40000e+00  240.000  2.83683e+17  5.00000e+00  6.90000e+00  2.09000e+05  3.30000e+02  5.00000e-03  5.88800e-01
 35.00  6.61000e+00  247.200  1.93673e+17  5.00000e+00  7.70000e+00  2.09000e+05  3.30000e+02  7.00000e-03  5.24000e-01
 37.50  4.72000e+00  254.600  1.34277e+17  5.00000e+00  7.80000e+00  2.09000e+05  3.30000e+02  8.50000e-03  4.50600e-01
 40.00  3.40000e+00  262.100  9.39569e+16  5.00000e+00  7.00000e+00  2.09000e+05  3.30000e+02  9.30000e-03  3.70800e-01
 42.50  2.48000e+00  269.500  6.66515e+16  5.00000e+00  5.40000e+00  2.09000e+05  3.30000e+02  9.20000e-03  2.99200e-01
 45.00  1.82000e+00  273.600  4.81806e+16  5.00000e+00  4.20000e+00  2.09000e+05  3.30000e+02  8.30000e-03  2.44500e-01
 47.50  1.34000e+00  276.200  3.51397e+16  5.00000e+00  3.20000e+00  2.09000e+05  3.30000e+02  6.50000e-03  2.00000e-01
 50.00  9.87000e-01  277.200  2.57894e+16  4.95000e+00  2.50000e+00  2.09000e+05  3.30000e+02  4.20000e-03  1.66000e-01
 55.00  5.37000e-01  274.000  1.41952e+16  4.85000e+00  1.70000e+00  2.09000e+05  3.30000e+02  1.50000e-03  1.50000e-01
 60.00  2.88000e-01  262.700  7.94052e+15  4.50000e+00  1.20000e+00  2.09000e+05  3.30000e+02  4.50000e-04  1.50000e-01
 65.00  1.47000e-01  239.700  4.44187e+15  4.00000e+00  8.00000e-01  2.09000e+05  3.30000e+02  1.20000e-04  1.50000e-01
 70.00  7.10000e-02  216.600  2.37420e+15  3.30000e+00  4.00000e-01  2.09000e+05  3.30000e+02  3.00000e-05  1.50000e-01
 75.00  3.20000e-02  193.600  1.19719e+15  2.70000e+00  2.00000e-01  2.09000e+05  3.30000e+02  1.00000e-05  1.50000e-01
 80.00  1.25000e-02  170.600  5.30698e+14  2.00000e+00  1.80000e-01  2.09000e+05  3.28000e+02  3.00000e-06  1.50000e-01
 85.00  4.51000e-03  161.700  2.02015e+14  1.33000e+00  6.50000e-01  2.00000e+05  3.20000e+02  1.00000e-06  1.50000e-01
 90.00  1.61000e-03  161.600  7.21608e+13  8.50000e-01  9.00000e-01  1.90000e+05  3.10000e+02  3.00000e-07  1.40000e-01
 95.00  6.06000e-04  176.800  2.48260e+13  5.40000e-01  8.00000e-01  1.80000e+05  2.70000e+02  1.00000e-07  1.30000e-01
100.00  2.48000e-04  190.400  9.43412e+12  4.00000e-01  4.00000e-01  1.60000e+05  1.95000e+02  3.00000e-08  1.20000e-01
