# AFGL Standard Atmosphere: Tropical
# Reference: FASCODE Model (RFM .atm, equivalent to Anderson 1986 AFGL-TR-86-0110)
# Source: https://eodg.atm.ox.ac.uk/RFM/atm/tro.atm
# n_layers=46 (boundaries; layers = n-1 between consecutive z)
# Converted from RFM 50-level (0-120 km) by linear interp on z; P,H2O,O3,CH4 use log-space
# NO2 column 보존: 기존 OCRT 파일 mr_NO2 그대로 (RFM 에 NO2 없음)
# Verified: O3 column = 283.5 DU (RFM 원본 283.5 DU, 보간오차 -0.00%)
# columns: z_km  P_mbar  T_K  n_cm-3  mr_H2O_ppmv  mr_O3_ppmv  mr_O2_ppmv  mr_CO2_ppmv  mr_NO2_ppmv  mr_CH4_ppmv
# mr = volume mixing ratio (ppmv = parts per million by volume)
  0.00  1.01300e+03  299.700  2.44816e+19  2.59300e+04  2.86900e-02  2.09000e+05  3.30000e+02  3.00000e-05  1.70000e+00
  1.00  9.04000e+02  293.700  2.22937e+19  1.94900e+04  3.15000e-02  2.09000e+05  3.30000e+02  3.00000e-05  1.70000e+00
  2.00  8.05000e+02  287.700  2.02662e+19  1.53400e+04  3.34200e-02  2.09000e+05  3.30000e+02  3.00000e-05  1.70000e+00
  3.00  7.15000e+02  283.700  1.82542e+19  8.60000e+03  3.50400e-02  2.09000e+05  3.30000e+02  3.00000e-05  1.70000e+00
  4.00  6.33000e+02  277.000  1.65516e+19  4.44100e+03  3.56100e-02  2.09000e+05  3.30000e+02  3.00000e-05  1.70000e+00
  5.00  5.59000e+02  270.300  1.49790e+19  3.34600e+03  3.76700e-02  2.09000e+05  3.30000e+02  3.00000e-05  1.70000e+00
  6.00  4.92000e+02  263.600  1.35187e+19  2.10100e+03  3.98900e-02  2.09000e+05  3.30000e+02  3.00000e-05  1.70000e+00
  7.00  4.32000e+02  257.000  1.21750e+19  1.28900e+03  4.22300e-02  2.09000e+05  3.30000e+02  3.00000e-05  1.69900e+00
  8.00  3.78000e+02  250.300  1.09382e+19  7.63700e+02  4.47100e-02  2.09000e+05  3.30000e+02  3.00000e-05  1.69700e+00
  9.00  3.29000e+02  243.600  9.78217e+18  4.09800e+02  5.00000e-02  2.09000e+05  3.30000e+02  3.00000e-05  1.69300e+00
 10.00  2.86000e+02  237.000  8.74046e+18  1.91200e+02  5.59500e-02  2.09000e+05  3.30000e+02  3.00000e-05  1.68500e+00
 11.00  2.47000e+02  230.100  7.77494e+18  7.30600e+01  6.61300e-02  2.09000e+05  3.30000e+02  3.00000e-05  1.67500e+00
 12.00  2.13000e+02  223.600  6.89961e+18  2.90500e+01  7.81500e-02  2.09000e+05  3.30000e+02  3.00000e-05  1.66200e+00
 13.00  1.82000e+02  217.000  6.07475e+18  9.90000e+00  9.28900e-02  2.09000e+05  3.30000e+02  3.00000e-05  1.64500e+00
 14.00  1.56000e+02  210.300  5.37282e+18  6.22000e+00  1.05000e-01  2.09000e+05  3.30000e+02  3.00000e-05  1.62600e+00
 15.00  1.32000e+02  203.700  4.69353e+18  4.00000e+00  1.25600e-01  2.09000e+05  3.30000e+02  3.20000e-05  1.60500e+00
 16.00  1.11000e+02  197.000  4.08106e+18  3.00000e+00  1.44400e-01  2.09000e+05  3.30000e+02  3.50000e-05  1.58200e+00
 17.00  9.37000e+01  194.800  3.48391e+18  2.90000e+00  2.50000e-01  2.09000e+05  3.30000e+02  4.00000e-05  1.55300e+00
 18.00  7.89000e+01  198.800  2.87460e+18  2.75000e+00  5.00000e-01  2.09000e+05  3.30000e+02  5.00000e-05  1.52100e+00
 19.00  6.66000e+01  202.700  2.37978e+18  2.60000e+00  9.50000e-01  2.09000e+05  3.30000e+02  7.00000e-05  1.48000e+00
 20.00  5.65000e+01  206.700  1.97982e+18  2.60000e+00  1.40000e+00  2.09000e+05  3.30000e+02  1.00000e-04  1.42400e+00
 21.00  4.80000e+01  210.700  1.65004e+18  2.65000e+00  1.80000e+00  2.09000e+05  3.30000e+02  1.50000e-04  1.35500e+00
 22.00  4.09000e+01  214.600  1.38042e+18  2.80000e+00  2.40000e+00  2.09000e+05  3.30000e+02  2.30000e-04  1.27200e+00
 23.00  3.50000e+01  217.000  1.16822e+18  2.90000e+00  3.40000e+00  2.09000e+05  3.30000e+02  3.50000e-04  1.19100e+00
 24.00  3.00000e+01  219.200  9.91282e+17  3.20000e+00  4.30000e+00  2.09000e+05  3.30000e+02  5.20000e-04  1.11800e+00
 25.00  2.57000e+01  221.400  8.40760e+17  3.25000e+00  5.40000e+00  2.09000e+05  3.30000e+02  7.50000e-04  1.05500e+00
 27.50  1.76300e+01  227.000  5.62527e+17  3.60000e+00  7.80000e+00  2.09000e+05  3.30000e+02  1.70000e-03  9.87000e-01
 30.00  1.22000e+01  232.300  3.80388e+17  4.00000e+00  9.30000e+00  2.09000e+05  3.30000e+02  3.10000e-03  9.13600e-01
 32.50  8.52000e+00  237.700  2.59613e+17  4.30000e+00  9.85000e+00  2.09000e+05  3.30000e+02  5.00000e-03  8.30000e-01
 35.00  6.00000e+00  243.100  1.78765e+17  4.60000e+00  9.70000e+00  2.09000e+05  3.30000e+02  7.00000e-03  7.46000e-01
 37.50  4.26000e+00  248.500  1.24165e+17  4.90000e+00  8.80000e+00  2.09000e+05  3.30000e+02  8.50000e-03  6.61800e-01
 40.00  3.05000e+00  254.000  8.69727e+16  5.20000e+00  7.50000e+00  2.09000e+05  3.30000e+02  9.30000e-03  5.63800e-01
 42.50  2.20000e+00  259.400  6.14284e+16  5.50000e+00  5.90000e+00  2.09000e+05  3.30000e+02  9.20000e-03  4.61400e-01
 45.00  1.59000e+00  264.800  4.34906e+16  5.70000e+00  4.50000e+00  2.09000e+05  3.30000e+02  8.30000e-03  3.63100e-01
 47.50  1.16000e+00  269.600  3.11641e+16  5.90000e+00  3.45000e+00  2.09000e+05  3.30000e+02  6.50000e-03  2.77300e-01
 50.00  8.54000e-01  270.200  2.28923e+16  6.00000e+00  2.80000e+00  2.09000e+05  3.30000e+02  4.20000e-03  2.10000e-01
 55.00  4.56000e-01  263.400  1.25391e+16  6.00000e+00  1.80000e+00  2.09000e+05  3.30000e+02  1.50000e-03  1.65100e-01
 60.00  2.39000e-01  253.100  6.83947e+15  6.00000e+00  1.10000e+00  2.09000e+05  3.30000e+02  4.50000e-04  1.50000e-01
 65.00  1.21000e-01  236.000  3.71356e+15  5.40000e+00  6.50000e-01  2.09000e+05  3.30000e+02  1.20000e-04  1.50000e-01
 70.00  5.80000e-02  218.900  1.91911e+15  4.50000e+00  3.00000e-01  2.09000e+05  3.30000e+02  3.00000e-05  1.50000e-01
 75.00  2.60000e-02  201.800  9.33187e+14  3.30000e+00  1.80000e-01  2.09000e+05  3.30000e+02  1.00000e-05  1.50000e-01
 80.00  1.10000e-02  184.800  4.31129e+14  2.10000e+00  3.30000e-01  2.09000e+05  3.28000e+02  3.00000e-06  1.50000e-01
 85.00  4.40000e-03  177.100  1.79950e+14  1.30000e+00  5.00000e-01  2.00000e+05  3.20000e+02  1.00000e-06  1.50000e-01
 90.00  1.72000e-03  177.000  7.03837e+13  8.50000e-01  5.20000e-01  1.90000e+05  3.10000e+02  3.00000e-07  1.40000e-01
 95.00  6.88000e-04  184.300  2.70383e+13  5.40000e-01  5.00000e-01  1.80000e+05  2.70000e+02  1.00000e-07  1.30000e-01
100.00  2.89000e-04  190.700  1.09765e+13  4.00000e-01  4.00000e-01  1.60000e+05  1.95000e+02  3.00000e-08  1.20000e-01
