! OCRT CCRR chlorophyll absorption coefficient table
! Canonical model: Morel (1988) normalized A_chl(lambda) with the
! Morel-Maritorena / HydroLight classic Case-1 closure:
!   a_p(lambda) = Aphi(lambda) * Chl^Ephi(lambda)
!   Aphi(lambda) = 0.06 * A_chl_normalized(lambda)  [m^-1 at Chl=1]
!   Ephi(lambda) = 0.65
! Input Chl unit: mg m^-3. Output a_p unit: m^-1.
! Source spectrum: apstarchl_morel1988_normalized_user_supplied.txt
! The source is normalized to 1 at 440 nm and identifies the spectral
! shape as Morel (1988, Fig. 10c; Prieur and Sathyendranath 1981).
! Source warning retained: 300-350 and 700-1000 nm are extrapolated
! and may be unrealistic. OCRT uses linear interpolation and nearest-edge
! extrapolation outside the tabulated range.
!
! Legacy OCRT five-column interface:
! wavelength_nm  Ap_unused  Ep_unused  Aphi  Ephi
! Ap_unused and Ep_unused are explicit zero placeholders; current OCRT
! consumes only Aphi and Ephi in rt_iop_ccrr_pigment_eval().
  300.0  0.000000000  0.000000000  0.025897200  0.650000000
  305.0  0.000000000  0.000000000  0.027256200  0.650000000
  310.0  0.000000000  0.000000000  0.028615200  0.650000000
  315.0  0.000000000  0.000000000  0.029974200  0.650000000
  320.0  0.000000000  0.000000000  0.031333200  0.650000000
  325.0  0.000000000  0.000000000  0.032692200  0.650000000
  330.0  0.000000000  0.000000000  0.034051200  0.650000000
  335.0  0.000000000  0.000000000  0.035410200  0.650000000
  340.0  0.000000000  0.000000000  0.036769200  0.650000000
  345.0  0.000000000  0.000000000  0.038128200  0.650000000
  350.0  0.000000000  0.000000000  0.039487200  0.650000000
  355.0  0.000000000  0.000000000  0.040846200  0.650000000
  360.0  0.000000000  0.000000000  0.042205200  0.650000000
  365.0  0.000000000  0.000000000  0.043564200  0.650000000
  370.0  0.000000000  0.000000000  0.044923200  0.650000000
  375.0  0.000000000  0.000000000  0.046282200  0.650000000
  380.0  0.000000000  0.000000000  0.047641200  0.650000000
  385.0  0.000000000  0.000000000  0.049000200  0.650000000
  390.0  0.000000000  0.000000000  0.050359200  0.650000000
  395.0  0.000000000  0.000000000  0.051718200  0.650000000
  400.0  0.000000000  0.000000000  0.053190000  0.650000000
  405.0  0.000000000  0.000000000  0.054210000  0.650000000
  410.0  0.000000000  0.000000000  0.055908000  0.650000000
  415.0  0.000000000  0.000000000  0.056532000  0.650000000
  420.0  0.000000000  0.000000000  0.056850000  0.650000000
  425.0  0.000000000  0.000000000  0.057450000  0.650000000
  430.0  0.000000000  0.000000000  0.057684000  0.650000000
  435.0  0.000000000  0.000000000  0.059850000  0.650000000
  440.0  0.000000000  0.000000000  0.060000000  0.650000000
  445.0  0.000000000  0.000000000  0.053970000  0.650000000
  450.0  0.000000000  0.000000000  0.051300000  0.650000000
  455.0  0.000000000  0.000000000  0.049932000  0.650000000
  460.0  0.000000000  0.000000000  0.048624000  0.650000000
  465.0  0.000000000  0.000000000  0.048066000  0.650000000
  470.0  0.000000000  0.000000000  0.044604000  0.650000000
  475.0  0.000000000  0.000000000  0.041730000  0.650000000
  480.0  0.000000000  0.000000000  0.038862000  0.650000000
  485.0  0.000000000  0.000000000  0.037710000  0.650000000
  490.0  0.000000000  0.000000000  0.036186000  0.650000000
  495.0  0.000000000  0.000000000  0.034476000  0.650000000
  500.0  0.000000000  0.000000000  0.032610000  0.650000000
  505.0  0.000000000  0.000000000  0.030024000  0.650000000
  510.0  0.000000000  0.000000000  0.027732000  0.650000000
  515.0  0.000000000  0.000000000  0.025206000  0.650000000
  520.0  0.000000000  0.000000000  0.023340000  0.650000000
  525.0  0.000000000  0.000000000  0.020838000  0.650000000
  530.0  0.000000000  0.000000000  0.019890000  0.650000000
  535.0  0.000000000  0.000000000  0.019026000  0.650000000
  540.0  0.000000000  0.000000000  0.018936000  0.650000000
  545.0  0.000000000  0.000000000  0.016110000  0.650000000
  550.0  0.000000000  0.000000000  0.014532000  0.650000000
  555.0  0.000000000  0.000000000  0.012426000  0.650000000
  560.0  0.000000000  0.000000000  0.011982000  0.650000000
  565.0  0.000000000  0.000000000  0.010200000  0.650000000
  570.0  0.000000000  0.000000000  0.010110000  0.650000000
  575.0  0.000000000  0.000000000  0.010902000  0.650000000
  580.0  0.000000000  0.000000000  0.010038000  0.650000000
  585.0  0.000000000  0.000000000  0.010260000  0.650000000
  590.0  0.000000000  0.000000000  0.010254000  0.650000000
  595.0  0.000000000  0.000000000  0.009288000  0.650000000
  600.0  0.000000000  0.000000000  0.008532000  0.650000000
  605.0  0.000000000  0.000000000  0.009324000  0.650000000
  610.0  0.000000000  0.000000000  0.010428000  0.650000000
  615.0  0.000000000  0.000000000  0.010854000  0.650000000
  620.0  0.000000000  0.000000000  0.011568000  0.650000000
  625.0  0.000000000  0.000000000  0.012630000  0.650000000
  630.0  0.000000000  0.000000000  0.012258000  0.650000000
  635.0  0.000000000  0.000000000  0.012750000  0.650000000
  640.0  0.000000000  0.000000000  0.013032000  0.650000000
  645.0  0.000000000  0.000000000  0.012492000  0.650000000
  650.0  0.000000000  0.000000000  0.014496000  0.650000000
  655.0  0.000000000  0.000000000  0.018054000  0.650000000
  660.0  0.000000000  0.000000000  0.023394000  0.650000000
  665.0  0.000000000  0.000000000  0.033354000  0.650000000
  670.0  0.000000000  0.000000000  0.035580000  0.650000000
  675.0  0.000000000  0.000000000  0.034992000  0.650000000
  680.0  0.000000000  0.000000000  0.029388000  0.650000000
  685.0  0.000000000  0.000000000  0.016614000  0.650000000
  690.0  0.000000000  0.000000000  0.008700000  0.650000000
  695.0  0.000000000  0.000000000  0.004608000  0.650000000
  700.0  0.000000000  0.000000000  0.001896000  0.650000000
  705.0  0.000000000  0.000000000  0.001500000  0.650000000
  710.0  0.000000000  0.000000000  0.001200000  0.650000000
  715.0  0.000000000  0.000000000  0.000835800  0.650000000
  720.0  0.000000000  0.000000000  0.000487800  0.650000000
  725.0  0.000000000  0.000000000  0.000240000  0.650000000
  730.0  0.000000000  0.000000000  0.000000000  0.650000000
  735.0  0.000000000  0.000000000  0.000000000  0.650000000
  740.0  0.000000000  0.000000000  0.000000000  0.650000000
  745.0  0.000000000  0.000000000  0.000000000  0.650000000
  750.0  0.000000000  0.000000000  0.000000000  0.650000000
  755.0  0.000000000  0.000000000  0.000000000  0.650000000
  760.0  0.000000000  0.000000000  0.000000000  0.650000000
  765.0  0.000000000  0.000000000  0.000000000  0.650000000
  770.0  0.000000000  0.000000000  0.000000000  0.650000000
  775.0  0.000000000  0.000000000  0.000000000  0.650000000
  780.0  0.000000000  0.000000000  0.000000000  0.650000000
  785.0  0.000000000  0.000000000  0.000000000  0.650000000
  790.0  0.000000000  0.000000000  0.000000000  0.650000000
  795.0  0.000000000  0.000000000  0.000000000  0.650000000
  800.0  0.000000000  0.000000000  0.000000000  0.650000000
  805.0  0.000000000  0.000000000  0.000000000  0.650000000
  810.0  0.000000000  0.000000000  0.000000000  0.650000000
  815.0  0.000000000  0.000000000  0.000000000  0.650000000
  820.0  0.000000000  0.000000000  0.000000000  0.650000000
  825.0  0.000000000  0.000000000  0.000000000  0.650000000
  830.0  0.000000000  0.000000000  0.000000000  0.650000000
  835.0  0.000000000  0.000000000  0.000000000  0.650000000
  840.0  0.000000000  0.000000000  0.000000000  0.650000000
  845.0  0.000000000  0.000000000  0.000000000  0.650000000
  850.0  0.000000000  0.000000000  0.000000000  0.650000000
  855.0  0.000000000  0.000000000  0.000000000  0.650000000
  860.0  0.000000000  0.000000000  0.000000000  0.650000000
  865.0  0.000000000  0.000000000  0.000000000  0.650000000
  870.0  0.000000000  0.000000000  0.000000000  0.650000000
  875.0  0.000000000  0.000000000  0.000000000  0.650000000
  880.0  0.000000000  0.000000000  0.000000000  0.650000000
  885.0  0.000000000  0.000000000  0.000000000  0.650000000
  890.0  0.000000000  0.000000000  0.000000000  0.650000000
  895.0  0.000000000  0.000000000  0.000000000  0.650000000
  900.0  0.000000000  0.000000000  0.000000000  0.650000000
  905.0  0.000000000  0.000000000  0.000000000  0.650000000
  910.0  0.000000000  0.000000000  0.000000000  0.650000000
  915.0  0.000000000  0.000000000  0.000000000  0.650000000
  920.0  0.000000000  0.000000000  0.000000000  0.650000000
  925.0  0.000000000  0.000000000  0.000000000  0.650000000
  930.0  0.000000000  0.000000000  0.000000000  0.650000000
  935.0  0.000000000  0.000000000  0.000000000  0.650000000
  940.0  0.000000000  0.000000000  0.000000000  0.650000000
  945.0  0.000000000  0.000000000  0.000000000  0.650000000
  950.0  0.000000000  0.000000000  0.000000000  0.650000000
  955.0  0.000000000  0.000000000  0.000000000  0.650000000
  960.0  0.000000000  0.000000000  0.000000000  0.650000000
  965.0  0.000000000  0.000000000  0.000000000  0.650000000
  970.0  0.000000000  0.000000000  0.000000000  0.650000000
  975.0  0.000000000  0.000000000  0.000000000  0.650000000
  980.0  0.000000000  0.000000000  0.000000000  0.650000000
  985.0  0.000000000  0.000000000  0.000000000  0.650000000
  990.0  0.000000000  0.000000000  0.000000000  0.650000000
  995.0  0.000000000  0.000000000  0.000000000  0.650000000
 1000.0  0.000000000  0.000000000  0.000000000  0.650000000
