# pure-water IOP LUT (lambda_nm  a_w[m-1]  b_w[m-1])
# a_w = Pope&Fry 1997 (380-700nm) + Kou et al. 1993 (NIR); b_w = Zhang et al. 2009 (S=38.4 g/kg, T=20C)
# Source: zo0_iop.txt (0.1nm, 200-2450nm). b_w is TOTAL scattering; OCRT computes bb=0.5*b_w internally.
# REBUILT 2026-07-27: full replacement from reference, 0.1nm->1nm trapezoidal band-average over [lam-0.5,lam+0.5], range 200-2449nm.
/end_header
200.0 3.043000e+00 1.849574e-01
201.0 2.962000e+00 1.810524e-01
202.0 2.854000e+00 1.760060e-01
203.0 2.746000e+00 1.711440e-01
204.0 2.638000e+00 1.664578e-01
205.0 2.530000e+00 1.619396e-01
206.0 2.422000e+00 1.575823e-01
207.0 2.314000e+00 1.533784e-01
208.0 2.206000e+00 1.493213e-01
209.0 2.098000e+00 1.454049e-01
210.0 1.995000e+00 1.416227e-01
211.0 1.922000e+00 1.379698e-01
212.0 1.854000e+00 1.344396e-01
213.0 1.786000e+00 1.310281e-01
214.0 1.718000e+00 1.277297e-01
215.0 1.650000e+00 1.245398e-01
216.0 1.582000e+00 1.214542e-01
217.0 1.514000e+00 1.184685e-01
218.0 1.446000e+00 1.155788e-01
219.0 1.378000e+00 1.127812e-01
220.0 1.313713e+00 1.100719e-01
221.0 1.271700e+00 1.074479e-01
222.0 1.233400e+00 1.049053e-01
223.0 1.195100e+00 1.024415e-01
224.0 1.156800e+00 1.000534e-01
225.0 1.118500e+00 9.773772e-02
226.0 1.080200e+00 9.549203e-02
227.0 1.041900e+00 9.331365e-02
228.0 1.003600e+00 9.120011e-02
229.0 9.653000e-01 8.914900e-02
230.0 9.292000e-01 8.715800e-02
231.0 9.063000e-01 8.522499e-02
232.0 8.856000e-01 8.334783e-02
233.0 8.649000e-01 8.152452e-02
234.0 8.442000e-01 7.975316e-02
235.0 8.235000e-01 7.803190e-02
236.0 8.028000e-01 7.635901e-02
237.0 7.821000e-01 7.473279e-02
238.0 7.614000e-01 7.315160e-02
239.0 7.407000e-01 7.161398e-02
240.0 7.205750e-01 7.011835e-02
241.0 7.039000e-01 6.866333e-02
242.0 6.878000e-01 6.724756e-02
243.0 6.717000e-01 6.586969e-02
244.0 6.556000e-01 6.452851e-02
245.0 6.395000e-01 6.322279e-02
246.0 6.234000e-01 6.195137e-02
247.0 6.073000e-01 6.071312e-02
248.0 5.912000e-01 5.950700e-02
249.0 5.751000e-01 5.833195e-02
250.0 5.597375e-01 5.718698e-02
251.0 5.488000e-01 5.607116e-02
252.0 5.386000e-01 5.498355e-02
253.0 5.284000e-01 5.392327e-02
254.0 5.182000e-01 5.288950e-02
255.0 5.080000e-01 5.188136e-02
256.0 4.978000e-01 5.089812e-02
257.0 4.876000e-01 4.993899e-02
258.0 4.774000e-01 4.900325e-02
259.0 4.672000e-01 4.809019e-02
260.0 4.572250e-01 4.719912e-02
261.0 4.486000e-01 4.632942e-02
262.0 4.402000e-01 4.548040e-02
263.0 4.318000e-01 4.465149e-02
264.0 4.234000e-01 4.384211e-02
265.0 4.150000e-01 4.305167e-02
266.0 4.066000e-01 4.227964e-02
267.0 3.982000e-01 4.152548e-02
268.0 3.898000e-01 4.078867e-02
269.0 3.814000e-01 4.006872e-02
270.0 3.729875e-01 3.936516e-02
271.0 3.645000e-01 3.867754e-02
272.0 3.560000e-01 3.800542e-02
273.0 3.475000e-01 3.734829e-02
274.0 3.390000e-01 3.670586e-02
275.0 3.305000e-01 3.607765e-02
276.0 3.220000e-01 3.546326e-02
277.0 3.135000e-01 3.486236e-02
278.0 3.050000e-01 3.427456e-02
279.0 2.965000e-01 3.369952e-02
280.0 2.881500e-01 3.313687e-02
281.0 2.807000e-01 3.258631e-02
282.0 2.734000e-01 3.204750e-02
283.0 2.661000e-01 3.152018e-02
284.0 2.588000e-01 3.100398e-02
285.0 2.515000e-01 3.049866e-02
286.0 2.442000e-01 3.000391e-02
287.0 2.369000e-01 2.951945e-02
288.0 2.296000e-01 2.904503e-02
289.0 2.223000e-01 2.858041e-02
290.0 2.149875e-01 2.812532e-02
291.0 2.076000e-01 2.767955e-02
292.0 2.002000e-01 2.724283e-02
293.0 1.928000e-01 2.681496e-02
294.0 1.854000e-01 2.639568e-02
295.0 1.780000e-01 2.598481e-02
296.0 1.706000e-01 2.558213e-02
297.0 1.632000e-01 2.518743e-02
298.0 1.558000e-01 2.480057e-02
299.0 1.484000e-01 2.442129e-02
300.0 1.414750e-01 2.404943e-02
301.0 1.374000e-01 2.368484e-02
302.0 1.338000e-01 2.332730e-02
303.0 1.302000e-01 2.297669e-02
304.0 1.266000e-01 2.263280e-02
305.0 1.230000e-01 2.229549e-02
306.0 1.194000e-01 2.196462e-02
307.0 1.158000e-01 2.164006e-02
308.0 1.122000e-01 2.132155e-02
309.0 1.086000e-01 2.100907e-02
310.0 1.051925e-01 2.070246e-02
311.0 1.029400e-01 2.040153e-02
312.0 1.008800e-01 2.010623e-02
313.0 9.882000e-02 1.981635e-02
314.0 9.676000e-02 1.953182e-02
315.0 9.470000e-02 1.925249e-02
316.0 9.264000e-02 1.897827e-02
317.0 9.058000e-02 1.870902e-02
318.0 8.852000e-02 1.844466e-02
319.0 8.646000e-02 1.818505e-02
320.0 8.445000e-02 1.793008e-02
321.0 8.274000e-02 1.767971e-02
322.0 8.108000e-02 1.743375e-02
323.0 7.942000e-02 1.719219e-02
324.0 7.776000e-02 1.695485e-02
325.0 7.610000e-02 1.672174e-02
326.0 7.444000e-02 1.649267e-02
327.0 7.278000e-02 1.626759e-02
328.0 7.112000e-02 1.604645e-02
329.0 6.946000e-02 1.582912e-02
330.0 6.786125e-02 1.561555e-02
331.0 6.663000e-02 1.540563e-02
332.0 6.546000e-02 1.519928e-02
333.0 6.429000e-02 1.499647e-02
334.0 6.312000e-02 1.479711e-02
335.0 6.195000e-02 1.460111e-02
336.0 6.078000e-02 1.440841e-02
337.0 5.961000e-02 1.421893e-02
338.0 5.844000e-02 1.403263e-02
339.0 5.727000e-02 1.384944e-02
340.0 5.612375e-02 1.366927e-02
341.0 5.512000e-02 1.349211e-02
342.0 5.414000e-02 1.331782e-02
343.0 5.316000e-02 1.314639e-02
344.0 5.218000e-02 1.297780e-02
345.0 5.120000e-02 1.281193e-02
346.0 5.022000e-02 1.264875e-02
347.0 4.924000e-02 1.248821e-02
348.0 4.826000e-02 1.233026e-02
349.0 4.728000e-02 1.217485e-02
350.0 4.631750e-02 1.202191e-02
351.0 4.546000e-02 1.187141e-02
352.0 4.462000e-02 1.172330e-02
353.0 4.378000e-02 1.157754e-02
354.0 4.294000e-02 1.143408e-02
355.0 4.210000e-02 1.129286e-02
356.0 4.126000e-02 1.115386e-02
357.0 4.042000e-02 1.101701e-02
358.0 3.958000e-02 1.088230e-02
359.0 3.874000e-02 1.074968e-02
360.0 3.790625e-02 1.061910e-02
361.0 3.711000e-02 1.049053e-02
362.0 3.632000e-02 1.036394e-02
363.0 3.553000e-02 1.023929e-02
364.0 3.474000e-02 1.011650e-02
365.0 3.395000e-02 9.995603e-03
366.0 3.316000e-02 9.876527e-03
367.0 3.237000e-02 9.759249e-03
368.0 3.158000e-02 9.643732e-03
369.0 3.079000e-02 9.529942e-03
370.0 2.986588e-02 9.417853e-03
371.0 2.813700e-02 9.307432e-03
372.0 2.627400e-02 9.198644e-03
373.0 2.441100e-02 9.091468e-03
374.0 2.254800e-02 8.985868e-03
375.0 2.068500e-02 8.881822e-03
376.0 1.882200e-02 8.779296e-03
377.0 1.695900e-02 8.678267e-03
378.0 1.509600e-02 8.578706e-03
379.0 1.323300e-02 8.480586e-03
380.0 1.155917e-02 8.383890e-03
381.0 1.101752e-02 8.288577e-03
382.0 1.064026e-02 8.194644e-03
383.0 1.020921e-02 8.102046e-03
384.0 9.767794e-03 8.010775e-03
385.0 9.436820e-03 7.920797e-03
386.0 9.290602e-03 7.832103e-03
387.0 9.214273e-03 7.744653e-03
388.0 9.050487e-03 7.658444e-03
389.0 8.781200e-03 7.573437e-03
390.0 8.526073e-03 7.489630e-03
391.0 8.379920e-03 7.406987e-03
392.0 8.312740e-03 7.325501e-03
393.0 8.262460e-03 7.245138e-03
394.0 8.200450e-03 7.165893e-03
395.0 8.128242e-03 7.087737e-03
396.0 8.035174e-03 7.010662e-03
397.0 7.864917e-03 6.934636e-03
398.0 7.547962e-03 6.859656e-03
399.0 7.103190e-03 6.785695e-03
400.0 6.640478e-03 6.712740e-03
401.0 6.248450e-03 6.640773e-03
402.0 5.931885e-03 6.569777e-03
403.0 5.674980e-03 6.499742e-03
404.0 5.467610e-03 6.430644e-03
405.0 5.305468e-03 6.362476e-03
406.0 5.184055e-03 6.295211e-03
407.0 5.080815e-03 6.228851e-03
408.0 4.971026e-03 6.163366e-03
409.0 4.849995e-03 6.098751e-03
410.0 4.732384e-03 6.034988e-03
411.0 4.632231e-03 5.972064e-03
412.0 4.553622e-03 5.909969e-03
413.0 4.498717e-03 5.848683e-03
414.0 4.464071e-03 5.788200e-03
415.0 4.440610e-03 5.728505e-03
416.0 4.423539e-03 5.669580e-03
417.0 4.418355e-03 5.611423e-03
418.0 4.434900e-03 5.554015e-03
419.0 4.477010e-03 5.497348e-03
420.0 4.542495e-03 5.441408e-03
421.0 4.625497e-03 5.386180e-03
422.0 4.704835e-03 5.331663e-03
423.0 4.755910e-03 5.277838e-03
424.0 4.775304e-03 5.224696e-03
425.0 4.780354e-03 5.172230e-03
426.0 4.787307e-03 5.120423e-03
427.0 4.806268e-03 5.069270e-03
428.0 4.844838e-03 5.018763e-03
429.0 4.897928e-03 4.968881e-03
430.0 4.947764e-03 4.919630e-03
431.0 4.983543e-03 4.870992e-03
432.0 5.019262e-03 4.822954e-03
433.0 5.077084e-03 4.775514e-03
434.0 5.170575e-03 4.728661e-03
435.0 5.305962e-03 4.682385e-03
436.0 5.485762e-03 4.636681e-03
437.0 5.692736e-03 4.591536e-03
438.0 5.907259e-03 4.546943e-03
439.0 6.124293e-03 4.502895e-03
440.0 6.352348e-03 4.459382e-03
441.0 6.596096e-03 4.416396e-03
442.0 6.840569e-03 4.373935e-03
443.0 7.067186e-03 4.331984e-03
444.0 7.281934e-03 4.290539e-03
445.0 7.516397e-03 4.249591e-03
446.0 7.797591e-03 4.209136e-03
447.0 8.125241e-03 4.169163e-03
448.0 8.491317e-03 4.129670e-03
449.0 8.869015e-03 4.090644e-03
450.0 9.209166e-03 4.052079e-03
451.0 9.467879e-03 4.013975e-03
452.0 9.632445e-03 3.976319e-03
453.0 9.694744e-03 3.939106e-03
454.0 9.674484e-03 3.902331e-03
455.0 9.621556e-03 3.865989e-03
456.0 9.578005e-03 3.830068e-03
457.0 9.565854e-03 3.794567e-03
458.0 9.601465e-03 3.759481e-03
459.0 9.683039e-03 3.724802e-03
460.0 9.790900e-03 3.690520e-03
461.0 9.905660e-03 3.656640e-03
462.0 1.000626e-02 3.623147e-03
463.0 1.007174e-02 3.590040e-03
464.0 1.010044e-02 3.557311e-03
465.0 1.011009e-02 3.524960e-03
466.0 1.012175e-02 3.492976e-03
467.0 1.016536e-02 3.461353e-03
468.0 1.027227e-02 3.430095e-03
469.0 1.043255e-02 3.399188e-03
470.0 1.059464e-02 3.368632e-03
471.0 1.072281e-02 3.338418e-03
472.0 1.083927e-02 3.308547e-03
473.0 1.098330e-02 3.279009e-03
474.0 1.117272e-02 3.249801e-03
475.0 1.140490e-02 3.220923e-03
476.0 1.167372e-02 3.192363e-03
477.0 1.195762e-02 3.164123e-03
478.0 1.223189e-02 3.136194e-03
479.0 1.248056e-02 3.108574e-03
480.0 1.269479e-02 3.081262e-03
481.0 1.287059e-02 3.054249e-03
482.0 1.302516e-02 3.027530e-03
483.0 1.318199e-02 3.001110e-03
484.0 1.336688e-02 2.974975e-03
485.0 1.361014e-02 2.949129e-03
486.0 1.392330e-02 2.923560e-03
487.0 1.424695e-02 2.898269e-03
488.0 1.450976e-02 2.873254e-03
489.0 1.473095e-02 2.848511e-03
490.0 1.502097e-02 2.824033e-03
491.0 1.545456e-02 2.799819e-03
492.0 1.595243e-02 2.775866e-03
493.0 1.640350e-02 2.752171e-03
494.0 1.681770e-02 2.728727e-03
495.0 1.732620e-02 2.705531e-03
496.0 1.801145e-02 2.682588e-03
497.0 1.874651e-02 2.659884e-03
498.0 1.935883e-02 2.637424e-03
499.0 1.985694e-02 2.615197e-03
500.0 2.043304e-02 2.593210e-03
501.0 2.124333e-02 2.571452e-03
502.0 2.225472e-02 2.549923e-03
503.0 2.338409e-02 2.528619e-03
504.0 2.453192e-02 2.507539e-03
505.0 2.557706e-02 2.486679e-03
506.0 2.647842e-02 2.466037e-03
507.0 2.745304e-02 2.445610e-03
508.0 2.878940e-02 2.425391e-03
509.0 3.053603e-02 2.405385e-03
510.0 3.250344e-02 2.385585e-03
511.0 3.449956e-02 2.365989e-03
512.0 3.634200e-02 2.346595e-03
513.0 3.784263e-02 2.327398e-03
514.0 3.891161e-02 2.308399e-03
515.0 3.954582e-02 2.289596e-03
516.0 3.978061e-02 2.270983e-03
517.0 3.985897e-02 2.252560e-03
518.0 4.005756e-02 2.234322e-03
519.0 4.044480e-02 2.216270e-03
520.0 4.089005e-02 2.198402e-03
521.0 4.126640e-02 2.180715e-03
522.0 4.151469e-02 2.163205e-03
523.0 4.160200e-02 2.145870e-03
524.0 4.160935e-02 2.128708e-03
525.0 4.173621e-02 2.111719e-03
526.0 4.210906e-02 2.094899e-03
527.0 4.257579e-02 2.078250e-03
528.0 4.292208e-02 2.061764e-03
529.0 4.314097e-02 2.045440e-03
530.0 4.343079e-02 2.029280e-03
531.0 4.392191e-02 2.013281e-03
532.0 4.445635e-02 1.997439e-03
533.0 4.480842e-02 1.981753e-03
534.0 4.498698e-02 1.966218e-03
535.0 4.523629e-02 1.950838e-03
536.0 4.572667e-02 1.935610e-03
537.0 4.631450e-02 1.920528e-03
538.0 4.677936e-02 1.905596e-03
539.0 4.709363e-02 1.890806e-03
540.0 4.742230e-02 1.876162e-03
541.0 4.790683e-02 1.861659e-03
542.0 4.854650e-02 1.847295e-03
543.0 4.930841e-02 1.833072e-03
544.0 5.016812e-02 1.818986e-03
545.0 5.110906e-02 1.805033e-03
546.0 5.211946e-02 1.791214e-03
547.0 5.316963e-02 1.777529e-03
548.0 5.423413e-02 1.763974e-03
549.0 5.533017e-02 1.750549e-03
550.0 5.651386e-02 1.737252e-03
551.0 5.777180e-02 1.724082e-03
552.0 5.885155e-02 1.711033e-03
553.0 5.944053e-02 1.698111e-03
554.0 5.957323e-02 1.685311e-03
555.0 5.963466e-02 1.672631e-03
556.0 5.991815e-02 1.660072e-03
557.0 6.036160e-02 1.647628e-03
558.0 6.081580e-02 1.635300e-03
559.0 6.128718e-02 1.623091e-03
560.0 6.193833e-02 1.610993e-03
561.0 6.283625e-02 1.599009e-03
562.0 6.366500e-02 1.587137e-03
563.0 6.403071e-02 1.575374e-03
564.0 6.403839e-02 1.563722e-03
565.0 6.430055e-02 1.552175e-03
566.0 6.524692e-02 1.540736e-03
567.0 6.654217e-02 1.529403e-03
568.0 6.767178e-02 1.518175e-03
569.0 6.855823e-02 1.507047e-03
570.0 6.955593e-02 1.496025e-03
571.0 7.093122e-02 1.485099e-03
572.0 7.250607e-02 1.474277e-03
573.0 7.400851e-02 1.463550e-03
574.0 7.548034e-02 1.452925e-03
575.0 7.728223e-02 1.442393e-03
576.0 7.965458e-02 1.431957e-03
577.0 8.228566e-02 1.421615e-03
578.0 8.475217e-02 1.411367e-03
579.0 8.706918e-02 1.401211e-03
580.0 8.969497e-02 1.391146e-03
581.0 9.300102e-02 1.381175e-03
582.0 9.686365e-02 1.371291e-03
583.0 1.010551e-01 1.361495e-03
584.0 1.054512e-01 1.351788e-03
585.0 1.100213e-01 1.342163e-03
586.0 1.147516e-01 1.332625e-03
587.0 1.195759e-01 1.323173e-03
588.0 1.244521e-01 1.313806e-03
589.0 1.295400e-01 1.304522e-03
590.0 1.352121e-01 1.295320e-03
591.0 1.416609e-01 1.286196e-03
592.0 1.483252e-01 1.277154e-03
593.0 1.545259e-01 1.268194e-03
594.0 1.605063e-01 1.259310e-03
595.0 1.674690e-01 1.250503e-03
596.0 1.763772e-01 1.241774e-03
597.0 1.869118e-01 1.233123e-03
598.0 1.984627e-01 1.224545e-03
599.0 2.104617e-01 1.216042e-03
600.0 2.223005e-01 1.207612e-03
601.0 2.333329e-01 1.199256e-03
602.0 2.427886e-01 1.190972e-03
603.0 2.497958e-01 1.182759e-03
604.0 2.544123e-01 1.174621e-03
605.0 2.576259e-01 1.166549e-03
606.0 2.601574e-01 1.158547e-03
607.0 2.620978e-01 1.150611e-03
608.0 2.633003e-01 1.142748e-03
609.0 2.639170e-01 1.134948e-03
610.0 2.644408e-01 1.127214e-03
611.0 2.652140e-01 1.119550e-03
612.0 2.660836e-01 1.111948e-03
613.0 2.667682e-01 1.104411e-03
614.0 2.672629e-01 1.096939e-03
615.0 2.678457e-01 1.089528e-03
616.0 2.687578e-01 1.082183e-03
617.0 2.700023e-01 1.074896e-03
618.0 2.715433e-01 1.067671e-03
619.0 2.733795e-01 1.060509e-03
620.0 2.755385e-01 1.053406e-03
621.0 2.779412e-01 1.046363e-03
622.0 2.800849e-01 1.039378e-03
623.0 2.814067e-01 1.032451e-03
624.0 2.821947e-01 1.025582e-03
625.0 2.835967e-01 1.018772e-03
626.0 2.862940e-01 1.012015e-03
627.0 2.891600e-01 1.005316e-03
628.0 2.906660e-01 9.986710e-04
629.0 2.909608e-01 9.920816e-04
630.0 2.918796e-01 9.855467e-04
631.0 2.946457e-01 9.790655e-04
632.0 2.979766e-01 9.726379e-04
633.0 2.999872e-01 9.662626e-04
634.0 3.005758e-01 9.599397e-04
635.0 3.014204e-01 9.536679e-04
636.0 3.036940e-01 9.474473e-04
637.0 3.064370e-01 9.412781e-04
638.0 3.081974e-01 9.351590e-04
639.0 3.091531e-01 9.290892e-04
640.0 3.111249e-01 9.230690e-04
641.0 3.152581e-01 9.170975e-04
642.0 3.199003e-01 9.111740e-04
643.0 3.227501e-01 9.052985e-04
644.0 3.237958e-01 8.994702e-04
645.0 3.253120e-01 8.936878e-04
646.0 3.288633e-01 8.879528e-04
647.0 3.330600e-01 8.822639e-04
648.0 3.358410e-01 8.766201e-04
649.0 3.374497e-01 8.710219e-04
650.0 3.404667e-01 8.654682e-04
651.0 3.466602e-01 8.599585e-04
652.0 3.542489e-01 8.544928e-04
653.0 3.606404e-01 8.490706e-04
654.0 3.656225e-01 8.436910e-04
655.0 3.713405e-01 8.383535e-04
656.0 3.793512e-01 8.330588e-04
657.0 3.884523e-01 8.278056e-04
658.0 3.967394e-01 8.225940e-04
659.0 4.036702e-01 8.174236e-04
660.0 4.100068e-01 8.122936e-04
661.0 4.162235e-01 8.072037e-04
662.0 4.216426e-01 8.021537e-04
663.0 4.252496e-01 7.971433e-04
664.0 4.272593e-01 7.921716e-04
665.0 4.291409e-01 7.872389e-04
666.0 4.318810e-01 7.823438e-04
667.0 4.347298e-01 7.774875e-04
668.0 4.365209e-01 7.726687e-04
669.0 4.374868e-01 7.678873e-04
670.0 4.392756e-01 7.631428e-04
671.0 4.428528e-01 7.584348e-04
672.0 4.465095e-01 7.537632e-04
673.0 4.479500e-01 7.491274e-04
674.0 4.475755e-01 7.445274e-04
675.0 4.485080e-01 7.399626e-04
676.0 4.528375e-01 7.354324e-04
677.0 4.583937e-01 7.309369e-04
678.0 4.619964e-01 7.264757e-04
679.0 4.634204e-01 7.220485e-04
680.0 4.653764e-01 7.176552e-04
681.0 4.698165e-01 7.132952e-04
682.0 4.753201e-01 7.089684e-04
683.0 4.796496e-01 7.046743e-04
684.0 4.826613e-01 7.004127e-04
685.0 4.863038e-01 6.961832e-04
686.0 4.919900e-01 6.919857e-04
687.0 4.986643e-01 6.878199e-04
688.0 5.047040e-01 6.836850e-04
689.0 5.100647e-01 6.795808e-04
690.0 5.162839e-01 6.755079e-04
691.0 5.244405e-01 6.714655e-04
692.0 5.334880e-01 6.674532e-04
693.0 5.419392e-01 6.634711e-04
694.0 5.499600e-01 6.595184e-04
695.0 5.593885e-01 6.555953e-04
696.0 5.715223e-01 6.517010e-04
697.0 5.851128e-01 6.478358e-04
698.0 5.983561e-01 6.439991e-04
699.0 6.109811e-01 6.401910e-04
700.0 6.242290e-01 6.364108e-04
701.0 6.390687e-01 6.326585e-04
702.0 6.549418e-01 6.289333e-04
703.0 6.709730e-01 6.252361e-04
704.0 6.871261e-01 6.215660e-04
705.0 7.042438e-01 6.179229e-04
706.0 7.232402e-01 6.143062e-04
707.0 7.446349e-01 6.107161e-04
708.0 7.690386e-01 6.071520e-04
709.0 7.966703e-01 6.036142e-04
710.0 8.273797e-01 6.001019e-04
711.0 8.609537e-01 5.966149e-04
712.0 8.961786e-01 5.931535e-04
713.0 9.318668e-01 5.897171e-04
714.0 9.683658e-01 5.863055e-04
715.0 1.007557e+00 5.829184e-04
716.0 1.050726e+00 5.795557e-04
717.0 1.096113e+00 5.762173e-04
718.0 1.141336e+00 5.729030e-04
719.0 1.185922e+00 5.696126e-04
720.0 1.231302e+00 5.663455e-04
721.0 1.278970e+00 5.631021e-04
722.0 1.329727e+00 5.598817e-04
723.0 1.383929e+00 5.566845e-04
724.0 1.438686e+00 5.535099e-04
725.0 1.488319e+00 5.503579e-04
726.0 1.537205e+00 5.472284e-04
727.0 1.619309e+00 5.441210e-04
728.0 1.752338e+00 5.410357e-04
729.0 1.848688e+00 5.379720e-04
730.0 1.962362e+00 5.349297e-04
731.0 2.080050e+00 5.319094e-04
732.0 2.197363e+00 5.289104e-04
733.0 2.316500e+00 5.259324e-04
734.0 2.441750e+00 5.229754e-04
735.0 2.530362e+00 5.200390e-04
736.0 2.606155e+00 5.171233e-04
737.0 2.644487e+00 5.142283e-04
738.0 2.677820e+00 5.113532e-04
739.0 2.733437e+00 5.084980e-04
740.0 2.767987e+00 5.056627e-04
741.0 2.796063e+00 5.028474e-04
742.0 2.811313e+00 5.000515e-04
743.0 2.824488e+00 4.972751e-04
744.0 2.835488e+00 4.945176e-04
745.0 2.835900e+00 4.917794e-04
746.0 2.844700e+00 4.890602e-04
747.0 2.845100e+00 4.863597e-04
748.0 2.853903e+00 4.836778e-04
749.0 2.852215e+00 4.810144e-04
750.0 2.850490e+00 4.783695e-04
751.0 2.859212e+00 4.757426e-04
752.0 2.859587e+00 4.731336e-04
753.0 2.868313e+00 4.705426e-04
754.0 2.868675e+00 4.679693e-04
755.0 2.877325e+00 4.654133e-04
756.0 2.875433e+00 4.628751e-04
757.0 2.870807e+00 4.603540e-04
758.0 2.867920e+00 4.578501e-04
759.0 2.864300e+00 4.553630e-04
760.0 2.862575e+00 4.528927e-04
761.0 2.871225e+00 4.504393e-04
762.0 2.869500e+00 4.480023e-04
763.0 2.865610e+00 4.455820e-04
764.0 2.861372e+00 4.431780e-04
765.0 2.858110e+00 4.407903e-04
766.0 2.852450e+00 4.384184e-04
767.0 2.836450e+00 4.360626e-04
768.0 2.830700e+00 4.337226e-04
769.0 2.827012e+00 4.313981e-04
770.0 2.822900e+00 4.290894e-04
771.0 2.814750e+00 4.267959e-04
772.0 2.799313e+00 4.245178e-04
773.0 2.781937e+00 4.222549e-04
774.0 2.774275e+00 4.200070e-04
775.0 2.758525e+00 4.177740e-04
776.0 2.752441e+00 4.155558e-04
777.0 2.744547e+00 4.133521e-04
778.0 2.729241e+00 4.111633e-04
779.0 2.710100e+00 4.089888e-04
780.0 2.688500e+00 4.068288e-04
781.0 2.657462e+00 4.046828e-04
782.0 2.640703e+00 4.025514e-04
783.0 2.630562e+00 4.004334e-04
784.0 2.612688e+00 3.983298e-04
785.0 2.591312e+00 3.962397e-04
786.0 2.558025e+00 3.941634e-04
787.0 2.526038e+00 3.921009e-04
788.0 2.512609e+00 3.900515e-04
789.0 2.497688e+00 3.880155e-04
790.0 2.467575e+00 3.859929e-04
791.0 2.444538e+00 3.839836e-04
792.0 2.413191e+00 3.819872e-04
793.0 2.389834e+00 3.800037e-04
794.0 2.373503e+00 3.780331e-04
795.0 2.355212e+00 3.760753e-04
796.0 2.336500e+00 3.741294e-04
797.0 2.318363e+00 3.721969e-04
798.0 2.302497e+00 3.702768e-04
799.0 2.279101e+00 3.683688e-04
800.0 2.250137e+00 3.664735e-04
801.0 2.243084e+00 3.645898e-04
802.0 2.236752e+00 3.627186e-04
803.0 2.221884e+00 3.608593e-04
804.0 2.205763e+00 3.590118e-04
805.0 2.201775e+00 3.571763e-04
806.0 2.202438e+00 3.553523e-04
807.0 2.194338e+00 3.535399e-04
808.0 2.181200e+00 3.517393e-04
809.0 2.188250e+00 3.499499e-04
810.0 2.187963e+00 3.481718e-04
811.0 2.189522e+00 3.464053e-04
812.0 2.198050e+00 3.446496e-04
813.0 2.210300e+00 3.429054e-04
814.0 2.222672e+00 3.411718e-04
815.0 2.233735e+00 3.394494e-04
816.0 2.249985e+00 3.377373e-04
817.0 2.276388e+00 3.360366e-04
818.0 2.301695e+00 3.343465e-04
819.0 2.312733e+00 3.326671e-04
820.0 2.334445e+00 3.309979e-04
821.0 2.387775e+00 3.293393e-04
822.0 2.442412e+00 3.276912e-04
823.0 2.476921e+00 3.260532e-04
824.0 2.524150e+00 3.244256e-04
825.0 2.625575e+00 3.228079e-04
826.0 2.758008e+00 3.212005e-04
827.0 2.833420e+00 3.196029e-04
828.0 2.927707e+00 3.180156e-04
829.0 3.096497e+00 3.164378e-04
830.0 3.210322e+00 3.148698e-04
831.0 3.306436e+00 3.133112e-04
832.0 3.456862e+00 3.117628e-04
833.0 3.594167e+00 3.102236e-04
834.0 3.659624e+00 3.086940e-04
835.0 3.707832e+00 3.071737e-04
836.0 3.782225e+00 3.056630e-04
837.0 3.826375e+00 3.041609e-04
838.0 3.857600e+00 3.026686e-04
839.0 3.907312e+00 3.011853e-04
840.0 3.947250e+00 2.997112e-04
841.0 3.972928e+00 2.982462e-04
842.0 4.001287e+00 2.967896e-04
843.0 4.036803e+00 2.953423e-04
844.0 4.056710e+00 2.939038e-04
845.0 4.077479e+00 2.924740e-04
846.0 4.111079e+00 2.910527e-04
847.0 4.128098e+00 2.896403e-04
848.0 4.153279e+00 2.882362e-04
849.0 4.196187e+00 2.868408e-04
850.0 4.202300e+00 2.854538e-04
851.0 4.223921e+00 2.840749e-04
852.0 4.252115e+00 2.827046e-04
853.0 4.270959e+00 2.813425e-04
854.0 4.282563e+00 2.799885e-04
855.0 4.309850e+00 2.786427e-04
856.0 4.354550e+00 2.773051e-04
857.0 4.369463e+00 2.759753e-04
858.0 4.384650e+00 2.746535e-04
859.0 4.428520e+00 2.733395e-04
860.0 4.452357e+00 2.720335e-04
861.0 4.469333e+00 2.707350e-04
862.0 4.502705e+00 2.694446e-04
863.0 4.527642e+00 2.681617e-04
864.0 4.555867e+00 2.668864e-04
865.0 4.605200e+00 2.656188e-04
866.0 4.655445e+00 2.643587e-04
867.0 4.688170e+00 2.631061e-04
868.0 4.704390e+00 2.618606e-04
869.0 4.717332e+00 2.606229e-04
870.0 4.757420e+00 2.593921e-04
871.0 4.827310e+00 2.581688e-04
872.0 4.866297e+00 2.569526e-04
873.0 4.899023e+00 2.557436e-04
874.0 4.957751e+00 2.545416e-04
875.0 5.005370e+00 2.533468e-04
876.0 5.052238e+00 2.521590e-04
877.0 5.111900e+00 2.509779e-04
878.0 5.154866e+00 2.498041e-04
879.0 5.209249e+00 2.486368e-04
880.0 5.292126e+00 2.474764e-04
881.0 5.344797e+00 2.463229e-04
882.0 5.390538e+00 2.451759e-04
883.0 5.462777e+00 2.440358e-04
884.0 5.524284e+00 2.429020e-04
885.0 5.565013e+00 2.417749e-04
886.0 5.599575e+00 2.406540e-04
887.0 5.657238e+00 2.395401e-04
888.0 5.739218e+00 2.384325e-04
889.0 5.788580e+00 2.373313e-04
890.0 5.837568e+00 2.362364e-04
891.0 5.919227e+00 2.351479e-04
892.0 5.977596e+00 2.340654e-04
893.0 6.008780e+00 2.329893e-04
894.0 6.039837e+00 2.319195e-04
895.0 6.097832e+00 2.308556e-04
896.0 6.178762e+00 2.297979e-04
897.0 6.226650e+00 2.287463e-04
898.0 6.275225e+00 2.277006e-04
899.0 6.354642e+00 2.266609e-04
900.0 6.407705e+00 2.256272e-04
901.0 6.464268e+00 2.245992e-04
902.0 6.557903e+00 2.235772e-04
903.0 6.630472e+00 2.225610e-04
904.0 6.671185e+00 2.215505e-04
905.0 6.705238e+00 2.205456e-04
906.0 6.776432e+00 2.195465e-04
907.0 6.894284e+00 2.185532e-04
908.0 6.982641e+00 2.175655e-04
909.0 7.036636e+00 2.165831e-04
910.0 7.092421e+00 2.156065e-04
911.0 7.195512e+00 2.146353e-04
912.0 7.352277e+00 2.136695e-04
913.0 7.478053e+00 2.127089e-04
914.0 7.560833e+00 2.117539e-04
915.0 7.643063e+00 2.108043e-04
916.0 7.808770e+00 2.098601e-04
917.0 8.074045e+00 2.089211e-04
918.0 8.278558e+00 2.079872e-04
919.0 8.409662e+00 2.070585e-04
920.0 8.549776e+00 2.061353e-04
921.0 8.825369e+00 2.052170e-04
922.0 9.248938e+00 2.043041e-04
923.0 9.573075e+00 2.033958e-04
924.0 9.827662e+00 2.024930e-04
925.0 1.012258e+01 2.015946e-04
926.0 1.041542e+01 2.007015e-04
927.0 1.069440e+01 1.998135e-04
928.0 1.117463e+01 1.989301e-04
929.0 1.190671e+01 1.980519e-04
930.0 1.243775e+01 1.971783e-04
931.0 1.282328e+01 1.963096e-04
932.0 1.327258e+01 1.954455e-04
933.0 1.372537e+01 1.945865e-04
934.0 1.412467e+01 1.937319e-04
935.0 1.469661e+01 1.928822e-04
936.0 1.555429e+01 1.920371e-04
937.0 1.631362e+01 1.911965e-04
938.0 1.686890e+01 1.903606e-04
939.0 1.737829e+01 1.895292e-04
940.0 1.825562e+01 1.887023e-04
941.0 1.955736e+01 1.878800e-04
942.0 2.045541e+01 1.870621e-04
943.0 2.108741e+01 1.862485e-04
944.0 2.189812e+01 1.854395e-04
945.0 2.286955e+01 1.846348e-04
946.0 2.382992e+01 1.838345e-04
947.0 2.467237e+01 1.830385e-04
948.0 2.554319e+01 1.822470e-04
949.0 2.716035e+01 1.814596e-04
950.0 2.963765e+01 1.806764e-04
951.0 3.144712e+01 1.798975e-04
952.0 3.278955e+01 1.791228e-04
953.0 3.441088e+01 1.783522e-04
954.0 3.619712e+01 1.775858e-04
955.0 3.782539e+01 1.768232e-04
956.0 3.929241e+01 1.760652e-04
957.0 4.065067e+01 1.753109e-04
958.0 4.181008e+01 1.745607e-04
959.0 4.276620e+01 1.738147e-04
960.0 4.390278e+01 1.730724e-04
961.0 4.527474e+01 1.723342e-04
962.0 4.603519e+01 1.715999e-04
963.0 4.633492e+01 1.708696e-04
964.0 4.664290e+01 1.701431e-04
965.0 4.700256e+01 1.694203e-04
966.0 4.731620e+01 1.687017e-04
967.0 4.755289e+01 1.679866e-04
968.0 4.771840e+01 1.672753e-04
969.0 4.785523e+01 1.665679e-04
970.0 4.799918e+01 1.658642e-04
971.0 4.814077e+01 1.651642e-04
972.0 4.827327e+01 1.644678e-04
973.0 4.843718e+01 1.637751e-04
974.0 4.862134e+01 1.630859e-04
975.0 4.868842e+01 1.624006e-04
976.0 4.866902e+01 1.617190e-04
977.0 4.863397e+01 1.610404e-04
978.0 4.855805e+01 1.603657e-04
979.0 4.840480e+01 1.596942e-04
980.0 4.821645e+01 1.590268e-04
981.0 4.803887e+01 1.583626e-04
982.0 4.785440e+01 1.577020e-04
983.0 4.763285e+01 1.570445e-04
984.0 4.737592e+01 1.563907e-04
985.0 4.708989e+01 1.557403e-04
986.0 4.676803e+01 1.550930e-04
987.0 4.640901e+01 1.544494e-04
988.0 4.604602e+01 1.538091e-04
989.0 4.569631e+01 1.531718e-04
990.0 4.530175e+01 1.525379e-04
991.0 4.482249e+01 1.519073e-04
992.0 4.435176e+01 1.512802e-04
993.0 4.397211e+01 1.506562e-04
994.0 4.360264e+01 1.500351e-04
995.0 4.314972e+01 1.494175e-04
996.0 4.264711e+01 1.488030e-04
997.0 4.215383e+01 1.481920e-04
998.0 4.167868e+01 1.475836e-04
999.0 4.120677e+01 1.469786e-04
1000.0 4.070878e+01 1.463765e-04
1001.0 4.017070e+01 1.457777e-04
1002.0 3.963757e+01 1.451818e-04
1003.0 3.914901e+01 1.445892e-04
1004.0 3.866990e+01 1.439992e-04
1005.0 3.815364e+01 1.434123e-04
1006.0 3.759507e+01 1.428287e-04
1007.0 3.700481e+01 1.422480e-04
1008.0 3.640356e+01 1.416698e-04
1009.0 3.580684e+01 1.410949e-04
1010.0 3.520978e+01 1.405230e-04
1011.0 3.460963e+01 1.399537e-04
1012.0 3.402927e+01 1.393873e-04
1013.0 3.348772e+01 1.388240e-04
1014.0 3.296372e+01 1.382633e-04
1015.0 3.243518e+01 1.377055e-04
1016.0 3.191305e+01 1.371505e-04
1017.0 3.140082e+01 1.365982e-04
1018.0 3.084883e+01 1.360490e-04
1019.0 3.022042e+01 1.355024e-04
1020.0 2.957544e+01 1.349586e-04
1021.0 2.897662e+01 1.344171e-04
1022.0 2.840118e+01 1.338790e-04
1023.0 2.781740e+01 1.333431e-04
1024.0 2.724992e+01 1.328100e-04
1025.0 2.672395e+01 1.322795e-04
1026.0 2.620543e+01 1.317517e-04
1027.0 2.565150e+01 1.312266e-04
1028.0 2.505677e+01 1.307042e-04
1029.0 2.445211e+01 1.301843e-04
1030.0 2.393612e+01 1.296668e-04
1031.0 2.358217e+01 1.291520e-04
1032.0 2.330542e+01 1.286397e-04
1033.0 2.297147e+01 1.281300e-04
1034.0 2.250212e+01 1.276228e-04
1035.0 2.198488e+01 1.271182e-04
1036.0 2.151876e+01 1.266161e-04
1037.0 2.108273e+01 1.261163e-04
1038.0 2.063690e+01 1.256189e-04
1039.0 2.020437e+01 1.251241e-04
1040.0 1.981238e+01 1.246315e-04
1041.0 1.943220e+01 1.241416e-04
1042.0 1.904119e+01 1.236541e-04
1043.0 1.868674e+01 1.231689e-04
1044.0 1.841258e+01 1.226863e-04
1045.0 1.817178e+01 1.222058e-04
1046.0 1.788811e+01 1.217276e-04
1047.0 1.752415e+01 1.212518e-04
1048.0 1.715908e+01 1.207785e-04
1049.0 1.687290e+01 1.203070e-04
1050.0 1.663373e+01 1.198385e-04
1051.0 1.638777e+01 1.193719e-04
1052.0 1.612525e+01 1.189075e-04
1053.0 1.586006e+01 1.184454e-04
1054.0 1.562699e+01 1.179857e-04
1055.0 1.545460e+01 1.175282e-04
1056.0 1.532690e+01 1.170728e-04
1057.0 1.521662e+01 1.166197e-04
1058.0 1.509800e+01 1.161686e-04
1059.0 1.494525e+01 1.157197e-04
1060.0 1.475282e+01 1.152730e-04
1061.0 1.457861e+01 1.148287e-04
1062.0 1.447660e+01 1.143863e-04
1063.0 1.442300e+01 1.139460e-04
1064.0 1.437826e+01 1.135081e-04
1065.0 1.432676e+01 1.130719e-04
1066.0 1.426198e+01 1.126380e-04
1067.0 1.418593e+01 1.122062e-04
1068.0 1.412486e+01 1.117764e-04
1069.0 1.409993e+01 1.113487e-04
1070.0 1.409176e+01 1.109231e-04
1071.0 1.407730e+01 1.104995e-04
1072.0 1.406075e+01 1.100780e-04
1073.0 1.405742e+01 1.096583e-04
1074.0 1.408335e+01 1.092406e-04
1075.0 1.415003e+01 1.088249e-04
1076.0 1.425334e+01 1.084111e-04
1077.0 1.434329e+01 1.079994e-04
1078.0 1.437835e+01 1.075898e-04
1079.0 1.439093e+01 1.071821e-04
1080.0 1.443887e+01 1.067762e-04
1081.0 1.456439e+01 1.063722e-04
1082.0 1.475393e+01 1.059702e-04
1083.0 1.497433e+01 1.055700e-04
1084.0 1.517925e+01 1.051717e-04
1085.0 1.533646e+01 1.047753e-04
1086.0 1.546785e+01 1.043807e-04
1087.0 1.561300e+01 1.039881e-04
1088.0 1.580371e+01 1.035970e-04
1089.0 1.604489e+01 1.032083e-04
1090.0 1.632093e+01 1.028211e-04
1091.0 1.657670e+01 1.024358e-04
1092.0 1.676880e+01 1.020522e-04
1093.0 1.693154e+01 1.016702e-04
1094.0 1.712631e+01 1.012904e-04
1095.0 1.740523e+01 1.009122e-04
1096.0 1.778275e+01 1.005357e-04
1097.0 1.823230e+01 1.001610e-04
1098.0 1.863335e+01 9.978798e-05
1099.0 1.888842e+01 9.941675e-05
1100.0 1.908413e+01 9.904724e-05
1101.0 1.938850e+01 9.867945e-05
1102.0 1.966643e+01 9.831336e-05
1103.0 1.994063e+01 9.794895e-05
1104.0 2.025024e+01 9.758627e-05
1105.0 2.057547e+01 9.722521e-05
1106.0 2.090922e+01 9.686573e-05
1107.0 2.122609e+01 9.650806e-05
1108.0 2.155622e+01 9.615196e-05
1109.0 2.190850e+01 9.579756e-05
1110.0 2.227310e+01 9.544476e-05
1111.0 2.267414e+01 9.509358e-05
1112.0 2.294378e+01 9.474403e-05
1113.0 2.309421e+01 9.439607e-05
1114.0 2.331870e+01 9.404972e-05
1115.0 2.355286e+01 9.370495e-05
1116.0 2.372323e+01 9.336175e-05
1117.0 2.399700e+01 9.302009e-05
1118.0 2.438955e+01 9.268004e-05
1119.0 2.485083e+01 9.234151e-05
1120.0 2.536142e+01 9.200456e-05
1121.0 2.592428e+01 9.166912e-05
1122.0 2.645256e+01 9.133519e-05
1123.0 2.689032e+01 9.100280e-05
1124.0 2.753469e+01 9.067190e-05
1125.0 2.832909e+01 9.034251e-05
1126.0 2.924018e+01 9.001464e-05
1127.0 3.019892e+01 8.968821e-05
1128.0 3.117647e+01 8.936329e-05
1129.0 3.249634e+01 8.903981e-05
1130.0 3.407564e+01 8.871782e-05
1131.0 3.588585e+01 8.839728e-05
1132.0 3.779852e+01 8.807818e-05
1133.0 4.001984e+01 8.776052e-05
1134.0 4.239850e+01 8.744426e-05
1135.0 4.476883e+01 8.712946e-05
1136.0 4.674407e+01 8.681604e-05
1137.0 4.950086e+01 8.650407e-05
1138.0 5.281428e+01 8.619347e-05
1139.0 5.678154e+01 8.588428e-05
1140.0 6.041297e+01 8.557646e-05
1141.0 6.406939e+01 8.527000e-05
1142.0 6.808986e+01 8.496495e-05
1143.0 7.230509e+01 8.466123e-05
1144.0 7.675791e+01 8.435886e-05
1145.0 8.073880e+01 8.405786e-05
1146.0 8.483098e+01 8.375817e-05
1147.0 8.880217e+01 8.345984e-05
1148.0 9.235519e+01 8.316285e-05
1149.0 9.504780e+01 8.286714e-05
1150.0 9.798938e+01 8.257276e-05
1151.0 1.010711e+02 8.227969e-05
1152.0 1.044752e+02 8.198795e-05
1153.0 1.071414e+02 8.169743e-05
1154.0 1.093520e+02 8.140824e-05
1155.0 1.113680e+02 8.112030e-05
1156.0 1.130137e+02 8.083365e-05
1157.0 1.139715e+02 8.054827e-05
1158.0 1.150664e+02 8.026415e-05
1159.0 1.161513e+02 7.998127e-05
1160.0 1.172130e+02 7.969964e-05
1161.0 1.180219e+02 7.941921e-05
1162.0 1.186183e+02 7.914000e-05
1163.0 1.191746e+02 7.886203e-05
1164.0 1.196026e+02 7.858533e-05
1165.0 1.197531e+02 7.830980e-05
1166.0 1.199873e+02 7.803550e-05
1167.0 1.202097e+02 7.776239e-05
1168.0 1.202751e+02 7.749047e-05
1169.0 1.205936e+02 7.721973e-05
1170.0 1.210875e+02 7.695018e-05
1171.0 1.218339e+02 7.668183e-05
1172.0 1.222568e+02 7.641461e-05
1173.0 1.225635e+02 7.614857e-05
1174.0 1.229117e+02 7.588367e-05
1175.0 1.231504e+02 7.561994e-05
1176.0 1.230765e+02 7.535734e-05
1177.0 1.231381e+02 7.509587e-05
1178.0 1.232937e+02 7.483556e-05
1179.0 1.235688e+02 7.457636e-05
1180.0 1.238491e+02 7.431829e-05
1181.0 1.241543e+02 7.406131e-05
1182.0 1.245046e+02 7.380548e-05
1183.0 1.248191e+02 7.355071e-05
1184.0 1.251532e+02 7.329703e-05
1185.0 1.254767e+02 7.304450e-05
1186.0 1.257659e+02 7.279301e-05
1187.0 1.259865e+02 7.254262e-05
1188.0 1.262276e+02 7.229328e-05
1189.0 1.264736e+02 7.204504e-05
1190.0 1.267194e+02 7.179785e-05
1191.0 1.269648e+02 7.155171e-05
1192.0 1.272293e+02 7.130664e-05
1193.0 1.275858e+02 7.106260e-05
1194.0 1.278015e+02 7.081962e-05
1195.0 1.279710e+02 7.057766e-05
1196.0 1.282293e+02 7.033674e-05
1197.0 1.282328e+02 7.009685e-05
1198.0 1.280126e+02 6.985798e-05
1199.0 1.274391e+02 6.962012e-05
1200.0 1.272330e+02 6.938328e-05
1201.0 1.272606e+02 6.914745e-05
1202.0 1.271351e+02 6.891259e-05
1203.0 1.269762e+02 6.867875e-05
1204.0 1.268666e+02 6.844589e-05
1205.0 1.267747e+02 6.821402e-05
1206.0 1.266158e+02 6.798313e-05
1207.0 1.262931e+02 6.775323e-05
1208.0 1.259751e+02 6.752426e-05
1209.0 1.256632e+02 6.729631e-05
1210.0 1.253610e+02 6.706929e-05
1211.0 1.251104e+02 6.684321e-05
1212.0 1.248882e+02 6.661811e-05
1213.0 1.247481e+02 6.639395e-05
1214.0 1.244190e+02 6.617074e-05
1215.0 1.239876e+02 6.594843e-05
1216.0 1.234215e+02 6.572708e-05
1217.0 1.230141e+02 6.550663e-05
1218.0 1.226187e+02 6.528713e-05
1219.0 1.221149e+02 6.506853e-05
1220.0 1.216475e+02 6.485087e-05
1221.0 1.212580e+02 6.463411e-05
1222.0 1.210312e+02 6.441824e-05
1223.0 1.208004e+02 6.420329e-05
1224.0 1.205648e+02 6.398921e-05
1225.0 1.203205e+02 6.377605e-05
1226.0 1.200257e+02 6.356374e-05
1227.0 1.197421e+02 6.335227e-05
1228.0 1.195581e+02 6.314174e-05
1229.0 1.192886e+02 6.293208e-05
1230.0 1.189345e+02 6.272330e-05
1231.0 1.184293e+02 6.251537e-05
1232.0 1.179795e+02 6.230831e-05
1233.0 1.175251e+02 6.210209e-05
1234.0 1.169822e+02 6.189673e-05
1235.0 1.165755e+02 6.169223e-05
1236.0 1.162626e+02 6.148857e-05
1237.0 1.160921e+02 6.128575e-05
1238.0 1.158170e+02 6.108374e-05
1239.0 1.155398e+02 6.088259e-05
1240.0 1.153608e+02 6.068226e-05
1241.0 1.150974e+02 6.048273e-05
1242.0 1.147450e+02 6.028406e-05
1243.0 1.142204e+02 6.008616e-05
1244.0 1.137846e+02 5.988911e-05
1245.0 1.133877e+02 5.969285e-05
1246.0 1.130367e+02 5.949737e-05
1247.0 1.126569e+02 5.930273e-05
1248.0 1.122716e+02 5.910885e-05
1249.0 1.118738e+02 5.891578e-05
1250.0 1.114185e+02 5.872351e-05
1251.0 1.110822e+02 5.853201e-05
1252.0 1.107875e+02 5.834128e-05
1253.0 1.104797e+02 5.815131e-05
1254.0 1.102326e+02 5.796214e-05
1255.0 1.100816e+02 5.777372e-05
1256.0 1.101675e+02 5.758607e-05
1257.0 1.100662e+02 5.739919e-05
1258.0 1.098606e+02 5.721307e-05
1259.0 1.095156e+02 5.702771e-05
1260.0 1.092745e+02 5.684307e-05
1261.0 1.090403e+02 5.665918e-05
1262.0 1.087287e+02 5.647606e-05
1263.0 1.084781e+02 5.629365e-05
1264.0 1.082779e+02 5.611198e-05
1265.0 1.081208e+02 5.593106e-05
1266.0 1.080439e+02 5.575086e-05
1267.0 1.080202e+02 5.557139e-05
1268.0 1.080198e+02 5.539264e-05
1269.0 1.079520e+02 5.521459e-05
1270.0 1.080886e+02 5.503725e-05
1271.0 1.083823e+02 5.486065e-05
1272.0 1.089352e+02 5.468474e-05
1273.0 1.093422e+02 5.450954e-05
1274.0 1.097077e+02 5.433503e-05
1275.0 1.100375e+02 5.416122e-05
1276.0 1.104715e+02 5.398812e-05
1277.0 1.109135e+02 5.381571e-05
1278.0 1.112232e+02 5.364395e-05
1279.0 1.116752e+02 5.347291e-05
1280.0 1.122344e+02 5.330254e-05
1281.0 1.129289e+02 5.313285e-05
1282.0 1.139129e+02 5.296381e-05
1283.0 1.146723e+02 5.279549e-05
1284.0 1.153759e+02 5.262781e-05
1285.0 1.160576e+02 5.246079e-05
1286.0 1.168042e+02 5.229443e-05
1287.0 1.175333e+02 5.212875e-05
1288.0 1.180870e+02 5.196369e-05
1289.0 1.188098e+02 5.179931e-05
1290.0 1.196448e+02 5.163556e-05
1291.0 1.205687e+02 5.147246e-05
1292.0 1.215728e+02 5.131003e-05
1293.0 1.226879e+02 5.114823e-05
1294.0 1.239310e+02 5.098705e-05
1295.0 1.254046e+02 5.082651e-05
1296.0 1.267758e+02 5.066661e-05
1297.0 1.281012e+02 5.050732e-05
1298.0 1.292768e+02 5.034868e-05
1299.0 1.307056e+02 5.019064e-05
1300.0 1.322584e+02 5.003323e-05
1301.0 1.338601e+02 4.987641e-05
1302.0 1.353525e+02 4.972023e-05
1303.0 1.371625e+02 4.956466e-05
1304.0 1.392362e+02 4.940969e-05
1305.0 1.417558e+02 4.925529e-05
1306.0 1.440864e+02 4.910151e-05
1307.0 1.463503e+02 4.894834e-05
1308.0 1.484637e+02 4.879579e-05
1309.0 1.508269e+02 4.864382e-05
1310.0 1.533118e+02 4.849242e-05
1311.0 1.558779e+02 4.834166e-05
1312.0 1.584915e+02 4.819142e-05
1313.0 1.611658e+02 4.804181e-05
1314.0 1.639170e+02 4.789276e-05
1315.0 1.666993e+02 4.774431e-05
1316.0 1.697353e+02 4.759641e-05
1317.0 1.729262e+02 4.744911e-05
1318.0 1.762774e+02 4.730234e-05
1319.0 1.798799e+02 4.715614e-05
1320.0 1.833088e+02 4.701053e-05
1321.0 1.867026e+02 4.686546e-05
1322.0 1.899207e+02 4.672096e-05
1323.0 1.936195e+02 4.657701e-05
1324.0 1.975546e+02 4.643363e-05
1325.0 2.017111e+02 4.629078e-05
1326.0 2.062305e+02 4.614850e-05
1327.0 2.103856e+02 4.600674e-05
1328.0 2.144878e+02 4.586552e-05
1329.0 2.185249e+02 4.572485e-05
1330.0 2.230446e+02 4.558474e-05
1331.0 2.277572e+02 4.544515e-05
1332.0 2.326376e+02 4.530609e-05
1333.0 2.377849e+02 4.516757e-05
1334.0 2.424798e+02 4.502957e-05
1335.0 2.471779e+02 4.489210e-05
1336.0 2.522700e+02 4.475516e-05
1337.0 2.572923e+02 4.461874e-05
1338.0 2.621699e+02 4.448282e-05
1339.0 2.666156e+02 4.434744e-05
1340.0 2.694962e+02 4.421256e-05
1341.0 2.738893e+02 4.407821e-05
1342.0 2.788944e+02 4.394434e-05
1343.0 2.844928e+02 4.381102e-05
1344.0 2.914978e+02 4.367816e-05
1345.0 2.969653e+02 4.354583e-05
1346.0 3.020403e+02 4.341399e-05
1347.0 3.072918e+02 4.328263e-05
1348.0 3.123938e+02 4.315180e-05
1349.0 3.171748e+02 4.302143e-05
1350.0 3.212915e+02 4.289160e-05
1351.0 3.234619e+02 4.276223e-05
1352.0 3.270751e+02 4.263333e-05
1353.0 3.311828e+02 4.250494e-05
1354.0 3.355865e+02 4.237701e-05
1355.0 3.405252e+02 4.224960e-05
1356.0 3.450735e+02 4.212265e-05
1357.0 3.495705e+02 4.199616e-05
1358.0 3.540485e+02 4.187016e-05
1359.0 3.588494e+02 4.174462e-05
1360.0 3.637810e+02 4.161954e-05
1361.0 3.685225e+02 4.149495e-05
1362.0 3.719885e+02 4.137082e-05
1363.0 3.771719e+02 4.124716e-05
1364.0 3.831754e+02 4.112396e-05
1365.0 3.896987e+02 4.100120e-05
1366.0 3.965182e+02 4.087891e-05
1367.0 4.041476e+02 4.075709e-05
1368.0 4.124970e+02 4.063572e-05
1369.0 4.215901e+02 4.051477e-05
1370.0 4.314059e+02 4.039430e-05
1371.0 4.418763e+02 4.027425e-05
1372.0 4.526575e+02 4.015466e-05
1373.0 4.624626e+02 4.003552e-05
1374.0 4.749374e+02 3.991681e-05
1375.0 4.889298e+02 3.979854e-05
1376.0 5.035898e+02 3.968073e-05
1377.0 5.168204e+02 3.956333e-05
1378.0 5.344168e+02 3.944636e-05
1379.0 5.546029e+02 3.932985e-05
1380.0 5.757219e+02 3.921374e-05
1381.0 5.932851e+02 3.909808e-05
1382.0 6.202413e+02 3.898283e-05
1383.0 6.524368e+02 3.886802e-05
1384.0 6.889271e+02 3.875363e-05
1385.0 7.301418e+02 3.863965e-05
1386.0 7.730481e+02 3.852608e-05
1387.0 8.194575e+02 3.841292e-05
1388.0 8.708732e+02 3.830020e-05
1389.0 9.257538e+02 3.818791e-05
1390.0 9.836413e+02 3.807598e-05
1391.0 1.044870e+03 3.796449e-05
1392.0 1.110669e+03 3.785342e-05
1393.0 1.176245e+03 3.774273e-05
1394.0 1.243742e+03 3.763243e-05
1395.0 1.315540e+03 3.752258e-05
1396.0 1.398935e+03 3.741310e-05
1397.0 1.474168e+03 3.730403e-05
1398.0 1.547111e+03 3.719535e-05
1399.0 1.619720e+03 3.708705e-05
1400.0 1.693380e+03 3.697914e-05
1401.0 1.764938e+03 3.687163e-05
1402.0 1.835066e+03 3.676452e-05
1403.0 1.903960e+03 3.665781e-05
1404.0 1.971550e+03 3.655146e-05
1405.0 2.037620e+03 3.644552e-05
1406.0 2.102434e+03 3.633995e-05
1407.0 2.167034e+03 3.623479e-05
1408.0 2.235262e+03 3.612996e-05
1409.0 2.296322e+03 3.602556e-05
1410.0 2.353603e+03 3.592151e-05
1411.0 2.408173e+03 3.581781e-05
1412.0 2.460726e+03 3.571453e-05
1413.0 2.510108e+03 3.561159e-05
1414.0 2.556330e+03 3.550904e-05
1415.0 2.598093e+03 3.540684e-05
1416.0 2.630198e+03 3.530502e-05
1417.0 2.667170e+03 3.520358e-05
1418.0 2.704487e+03 3.510249e-05
1419.0 2.740748e+03 3.500173e-05
1420.0 2.775157e+03 3.490136e-05
1421.0 2.808941e+03 3.480135e-05
1422.0 2.842155e+03 3.470171e-05
1423.0 2.875591e+03 3.460243e-05
1424.0 2.912496e+03 3.450347e-05
1425.0 2.944262e+03 3.440489e-05
1426.0 2.973364e+03 3.430663e-05
1427.0 2.999959e+03 3.420876e-05
1428.0 3.022006e+03 3.411122e-05
1429.0 3.045589e+03 3.401400e-05
1430.0 3.068621e+03 3.391718e-05
1431.0 3.090762e+03 3.382068e-05
1432.0 3.112697e+03 3.372450e-05
1433.0 3.131665e+03 3.362871e-05
1434.0 3.148949e+03 3.353323e-05
1435.0 3.164857e+03 3.343810e-05
1436.0 3.179529e+03 3.334328e-05
1437.0 3.193664e+03 3.324882e-05
1438.0 3.206231e+03 3.315470e-05
1439.0 3.216550e+03 3.306089e-05
1440.0 3.221784e+03 3.296743e-05
1441.0 3.227999e+03 3.287430e-05
1442.0 3.234270e+03 3.278146e-05
1443.0 3.240245e+03 3.268898e-05
1444.0 3.246083e+03 3.259680e-05
1445.0 3.252400e+03 3.250500e-05
1446.0 3.257504e+03 3.241347e-05
1447.0 3.261947e+03 3.232230e-05
1448.0 3.266056e+03 3.223140e-05
1449.0 3.270521e+03 3.214086e-05
1450.0 3.273349e+03 3.205063e-05
1451.0 3.275188e+03 3.196073e-05
1452.0 3.276265e+03 3.187114e-05
1453.0 3.276784e+03 3.178183e-05
1454.0 3.276329e+03 3.169285e-05
1455.0 3.274951e+03 3.160419e-05
1456.0 3.273613e+03 3.151584e-05
1457.0 3.275985e+03 3.142780e-05
1458.0 3.272129e+03 3.134005e-05
1459.0 3.265272e+03 3.125262e-05
1460.0 3.256273e+03 3.116550e-05
1461.0 3.245232e+03 3.107866e-05
1462.0 3.232685e+03 3.099215e-05
1463.0 3.218412e+03 3.090591e-05
1464.0 3.201995e+03 3.081999e-05
1465.0 3.182168e+03 3.073436e-05
1466.0 3.154160e+03 3.064903e-05
1467.0 3.130617e+03 3.056401e-05
1468.0 3.107861e+03 3.047925e-05
1469.0 3.085170e+03 3.039482e-05
1470.0 3.063657e+03 3.031067e-05
1471.0 3.039905e+03 3.022681e-05
1472.0 3.015127e+03 3.014323e-05
1473.0 2.989161e+03 3.005993e-05
1474.0 2.960225e+03 2.997693e-05
1475.0 2.933509e+03 2.989424e-05
1476.0 2.907133e+03 2.981181e-05
1477.0 2.880608e+03 2.972969e-05
1478.0 2.853744e+03 2.964781e-05
1479.0 2.825698e+03 2.956624e-05
1480.0 2.797876e+03 2.948493e-05
1481.0 2.770175e+03 2.940391e-05
1482.0 2.742533e+03 2.932316e-05
1483.0 2.716345e+03 2.924270e-05
1484.0 2.696924e+03 2.916250e-05
1485.0 2.668764e+03 2.908259e-05
1486.0 2.637363e+03 2.900294e-05
1487.0 2.602448e+03 2.892359e-05
1488.0 2.557643e+03 2.884450e-05
1489.0 2.522249e+03 2.876564e-05
1490.0 2.489546e+03 2.868709e-05
1491.0 2.457856e+03 2.860880e-05
1492.0 2.427124e+03 2.853078e-05
1493.0 2.394736e+03 2.845301e-05
1494.0 2.362876e+03 2.837553e-05
1495.0 2.331993e+03 2.829831e-05
1496.0 2.302827e+03 2.822134e-05
1497.0 2.278485e+03 2.814462e-05
1498.0 2.252327e+03 2.806817e-05
1499.0 2.225754e+03 2.799200e-05
1500.0 2.199060e+03 2.791605e-05
1501.0 2.171398e+03 2.784038e-05
1502.0 2.143231e+03 2.776498e-05
1503.0 2.115235e+03 2.768980e-05
1504.0 2.087512e+03 2.761489e-05
1505.0 2.060253e+03 2.754024e-05
1506.0 2.034424e+03 2.746584e-05
1507.0 2.008849e+03 2.739170e-05
1508.0 1.983303e+03 2.731777e-05
1509.0 1.957459e+03 2.724414e-05
1510.0 1.929832e+03 2.717073e-05
1511.0 1.902989e+03 2.709759e-05
1512.0 1.876757e+03 2.702465e-05
1513.0 1.851022e+03 2.695199e-05
1514.0 1.825870e+03 2.687957e-05
1515.0 1.801764e+03 2.680740e-05
1516.0 1.778397e+03 2.673545e-05
1517.0 1.755466e+03 2.666374e-05
1518.0 1.732329e+03 2.659228e-05
1519.0 1.706491e+03 2.652103e-05
1520.0 1.683715e+03 2.645004e-05
1521.0 1.662584e+03 2.637931e-05
1522.0 1.642676e+03 2.630881e-05
1523.0 1.625031e+03 2.623853e-05
1524.0 1.613698e+03 2.616851e-05
1525.0 1.597479e+03 2.609871e-05
1526.0 1.580310e+03 2.602912e-05
1527.0 1.563214e+03 2.595979e-05
1528.0 1.546402e+03 2.589070e-05
1529.0 1.530805e+03 2.582179e-05
1530.0 1.514686e+03 2.575314e-05
1531.0 1.498304e+03 2.568472e-05
1532.0 1.481805e+03 2.561652e-05
1533.0 1.465274e+03 2.554855e-05
1534.0 1.447731e+03 2.548081e-05
1535.0 1.429864e+03 2.541329e-05
1536.0 1.411816e+03 2.534598e-05
1537.0 1.393068e+03 2.527890e-05
1538.0 1.371719e+03 2.521205e-05
1539.0 1.353874e+03 2.514542e-05
1540.0 1.336996e+03 2.507901e-05
1541.0 1.320467e+03 2.501281e-05
1542.0 1.303769e+03 2.494684e-05
1543.0 1.284753e+03 2.488108e-05
1544.0 1.268072e+03 2.481553e-05
1545.0 1.252600e+03 2.475020e-05
1546.0 1.237997e+03 2.468510e-05
1547.0 1.225060e+03 2.462019e-05
1548.0 1.216890e+03 2.455551e-05
1549.0 1.204962e+03 2.449105e-05
1550.0 1.192118e+03 2.442677e-05
1551.0 1.178744e+03 2.436271e-05
1552.0 1.163413e+03 2.429888e-05
1553.0 1.149911e+03 2.423523e-05
1554.0 1.137038e+03 2.417182e-05
1555.0 1.124471e+03 2.410862e-05
1556.0 1.112191e+03 2.404560e-05
1557.0 1.100082e+03 2.398279e-05
1558.0 1.088110e+03 2.392018e-05
1559.0 1.076443e+03 2.385779e-05
1560.0 1.065112e+03 2.379560e-05
1561.0 1.054277e+03 2.373362e-05
1562.0 1.044565e+03 2.367180e-05
1563.0 1.034522e+03 2.361023e-05
1564.0 1.024536e+03 2.354885e-05
1565.0 1.014727e+03 2.348764e-05
1566.0 1.004940e+03 2.342665e-05
1567.0 9.945844e+02 2.336586e-05
1568.0 9.851624e+02 2.330528e-05
1569.0 9.761996e+02 2.324487e-05
1570.0 9.675684e+02 2.318464e-05
1571.0 9.594203e+02 2.312465e-05
1572.0 9.523431e+02 2.306484e-05
1573.0 9.446969e+02 2.300522e-05
1574.0 9.370682e+02 2.294578e-05
1575.0 9.296088e+02 2.288654e-05
1576.0 9.224691e+02 2.282750e-05
1577.0 9.162515e+02 2.276862e-05
1578.0 9.094303e+02 2.270996e-05
1579.0 9.024873e+02 2.265148e-05
1580.0 8.955531e+02 2.259320e-05
1581.0 8.886277e+02 2.253510e-05
1582.0 8.817120e+02 2.247716e-05
1583.0 8.748044e+02 2.241944e-05
1584.0 8.679053e+02 2.236188e-05
1585.0 8.610149e+02 2.230452e-05
1586.0 8.539858e+02 2.224734e-05
1587.0 8.462477e+02 2.219034e-05
1588.0 8.393930e+02 2.213355e-05
1589.0 8.328519e+02 2.207690e-05
1590.0 8.264768e+02 2.202045e-05
1591.0 8.202688e+02 2.196418e-05
1592.0 8.142125e+02 2.190810e-05
1593.0 8.081979e+02 2.185218e-05
1594.0 8.023273e+02 2.179644e-05
1595.0 7.966216e+02 2.174088e-05
1596.0 7.911708e+02 2.168551e-05
1597.0 7.863426e+02 2.163031e-05
1598.0 7.812645e+02 2.157530e-05
1599.0 7.761852e+02 2.152042e-05
1600.0 7.711749e+02 2.146574e-05
1601.0 7.661613e+02 2.141124e-05
1602.0 7.608558e+02 2.135689e-05
1603.0 7.560030e+02 2.130273e-05
1604.0 7.513614e+02 2.124874e-05
1605.0 7.468664e+02 2.119493e-05
1606.0 7.425597e+02 2.114128e-05
1607.0 7.386025e+02 2.108780e-05
1608.0 7.345360e+02 2.103449e-05
1609.0 7.305297e+02 2.098133e-05
1610.0 7.266268e+02 2.092837e-05
1611.0 7.229367e+02 2.087557e-05
1612.0 7.198991e+02 2.082291e-05
1613.0 7.164066e+02 2.077045e-05
1614.0 7.128216e+02 2.071813e-05
1615.0 7.092409e+02 2.066600e-05
1616.0 7.056649e+02 2.061400e-05
1617.0 7.020518e+02 2.056218e-05
1618.0 6.982499e+02 2.051054e-05
1619.0 6.947606e+02 2.045903e-05
1620.0 6.913686e+02 2.040769e-05
1621.0 6.880214e+02 2.035652e-05
1622.0 6.846893e+02 2.030551e-05
1623.0 6.812470e+02 2.025467e-05
1624.0 6.779463e+02 2.020397e-05
1625.0 6.747377e+02 2.015343e-05
1626.0 6.716047e+02 2.010305e-05
1627.0 6.685617e+02 2.005283e-05
1628.0 6.656757e+02 2.000280e-05
1629.0 6.628387e+02 1.995286e-05
1630.0 6.600565e+02 1.990310e-05
1631.0 6.573330e+02 1.985353e-05
1632.0 6.546682e+02 1.980407e-05
1633.0 6.520520e+02 1.975479e-05
1634.0 6.494370e+02 1.970564e-05
1635.0 6.468950e+02 1.965666e-05
1636.0 6.444216e+02 1.960783e-05
1637.0 6.420136e+02 1.955915e-05
1638.0 6.396711e+02 1.951062e-05
1639.0 6.374137e+02 1.946225e-05
1640.0 6.353209e+02 1.941402e-05
1641.0 6.331988e+02 1.936591e-05
1642.0 6.311075e+02 1.931801e-05
1643.0 6.291150e+02 1.927021e-05
1644.0 6.274264e+02 1.922259e-05
1645.0 6.255008e+02 1.917509e-05
1646.0 6.235199e+02 1.912776e-05
1647.0 6.215324e+02 1.908054e-05
1648.0 6.195374e+02 1.903350e-05
1649.0 6.174599e+02 1.898661e-05
1650.0 6.150198e+02 1.893984e-05
1651.0 6.131001e+02 1.889322e-05
1652.0 6.113305e+02 1.884675e-05
1653.0 6.096205e+02 1.880041e-05
1654.0 6.079440e+02 1.875423e-05
1655.0 6.061778e+02 1.870820e-05
1656.0 6.045055e+02 1.866226e-05
1657.0 6.029244e+02 1.861650e-05
1658.0 6.014277e+02 1.857088e-05
1659.0 6.000157e+02 1.852539e-05
1660.0 5.987444e+02 1.848005e-05
1661.0 5.978441e+02 1.843484e-05
1662.0 5.967735e+02 1.838980e-05
1663.0 5.956943e+02 1.834484e-05
1664.0 5.946500e+02 1.830004e-05
1665.0 5.936347e+02 1.825538e-05
1666.0 5.926133e+02 1.821084e-05
1667.0 5.916142e+02 1.816647e-05
1668.0 5.906556e+02 1.812221e-05
1669.0 5.897390e+02 1.807810e-05
1670.0 5.888646e+02 1.803411e-05
1671.0 5.880034e+02 1.799026e-05
1672.0 5.870525e+02 1.794654e-05
1673.0 5.863680e+02 1.790296e-05
1674.0 5.857905e+02 1.785951e-05
1675.0 5.852817e+02 1.781617e-05
1676.0 5.848604e+02 1.777296e-05
1677.0 5.845902e+02 1.772990e-05
1678.0 5.842274e+02 1.768698e-05
1679.0 5.838913e+02 1.764419e-05
1680.0 5.836108e+02 1.760152e-05
1681.0 5.833852e+02 1.755897e-05
1682.0 5.832792e+02 1.751657e-05
1683.0 5.835645e+02 1.747427e-05
1684.0 5.836642e+02 1.743212e-05
1685.0 5.837425e+02 1.739010e-05
1686.0 5.838454e+02 1.734818e-05
1687.0 5.839733e+02 1.730641e-05
1688.0 5.841152e+02 1.726475e-05
1689.0 5.842363e+02 1.722323e-05
1690.0 5.845162e+02 1.718183e-05
1691.0 5.849828e+02 1.714055e-05
1692.0 5.854748e+02 1.709941e-05
1693.0 5.859647e+02 1.705840e-05
1694.0 5.864524e+02 1.701746e-05
1695.0 5.869382e+02 1.697667e-05
1696.0 5.874219e+02 1.693601e-05
1697.0 5.879036e+02 1.689547e-05
1698.0 5.883831e+02 1.685505e-05
1699.0 5.886840e+02 1.681474e-05
1700.0 5.881388e+02 1.677457e-05
1701.0 5.887218e+02 1.673450e-05
1702.0 5.896069e+02 1.669456e-05
1703.0 5.905914e+02 1.665474e-05
1704.0 5.916748e+02 1.661504e-05
1705.0 5.928583e+02 1.657547e-05
1706.0 5.941222e+02 1.653599e-05
1707.0 5.953474e+02 1.649664e-05
1708.0 5.966336e+02 1.645741e-05
1709.0 5.980437e+02 1.641830e-05
1710.0 5.997737e+02 1.637930e-05
1711.0 6.015552e+02 1.634041e-05
1712.0 6.033601e+02 1.630164e-05
1713.0 6.051925e+02 1.626298e-05
1714.0 6.070530e+02 1.622443e-05
1715.0 6.089411e+02 1.618601e-05
1716.0 6.108569e+02 1.614771e-05
1717.0 6.126866e+02 1.610952e-05
1718.0 6.139760e+02 1.607140e-05
1719.0 6.158878e+02 1.603345e-05
1720.0 6.180029e+02 1.599558e-05
1721.0 6.202129e+02 1.595784e-05
1722.0 6.225179e+02 1.592020e-05
1723.0 6.250910e+02 1.588268e-05
1724.0 6.286132e+02 1.584525e-05
1725.0 6.312771e+02 1.580795e-05
1726.0 6.337437e+02 1.577074e-05
1727.0 6.361835e+02 1.573368e-05
1728.0 6.385957e+02 1.569670e-05
1729.0 6.405595e+02 1.565981e-05
1730.0 6.404122e+02 1.562304e-05
1731.0 6.425203e+02 1.558639e-05
1732.0 6.452605e+02 1.554982e-05
1733.0 6.482182e+02 1.551341e-05
1734.0 6.513930e+02 1.547707e-05
1735.0 6.547853e+02 1.544084e-05
1736.0 6.583943e+02 1.540471e-05
1737.0 6.622210e+02 1.536870e-05
1738.0 6.662648e+02 1.533278e-05
1739.0 6.702256e+02 1.529699e-05
1740.0 6.729802e+02 1.526127e-05
1741.0 6.782507e+02 1.522568e-05
1742.0 6.860818e+02 1.519019e-05
1743.0 6.941095e+02 1.515480e-05
1744.0 7.017972e+02 1.511951e-05
1745.0 7.091192e+02 1.508433e-05
1746.0 7.160758e+02 1.504921e-05
1747.0 7.222971e+02 1.501425e-05
1748.0 7.262751e+02 1.497937e-05
1749.0 7.316105e+02 1.494460e-05
1750.0 7.372274e+02 1.490992e-05
1751.0 7.428281e+02 1.487534e-05
1752.0 7.484124e+02 1.484086e-05
1753.0 7.540531e+02 1.480649e-05
1754.0 7.600337e+02 1.477220e-05
1755.0 7.655865e+02 1.473803e-05
1756.0 7.709989e+02 1.470394e-05
1757.0 7.763444e+02 1.466998e-05
1758.0 7.816235e+02 1.463608e-05
1759.0 7.863719e+02 1.460229e-05
1760.0 7.887364e+02 1.456861e-05
1761.0 7.933861e+02 1.453501e-05
1762.0 7.986366e+02 1.450152e-05
1763.0 8.040527e+02 1.446814e-05
1764.0 8.096343e+02 1.443482e-05
1765.0 8.153815e+02 1.440162e-05
1766.0 8.212941e+02 1.436850e-05
1767.0 8.273728e+02 1.433550e-05
1768.0 8.336168e+02 1.430256e-05
1769.0 8.400312e+02 1.426975e-05
1770.0 8.465016e+02 1.423700e-05
1771.0 8.522969e+02 1.420436e-05
1772.0 8.583780e+02 1.417183e-05
1773.0 8.665110e+02 1.413936e-05
1774.0 8.736684e+02 1.410700e-05
1775.0 8.801253e+02 1.407473e-05
1776.0 8.860261e+02 1.404256e-05
1777.0 8.913711e+02 1.401050e-05
1778.0 8.958803e+02 1.397850e-05
1779.0 8.984008e+02 1.394657e-05
1780.0 9.015972e+02 1.391477e-05
1781.0 9.047057e+02 1.388305e-05
1782.0 9.075111e+02 1.385142e-05
1783.0 9.100140e+02 1.381987e-05
1784.0 9.121589e+02 1.378844e-05
1785.0 9.137468e+02 1.375707e-05
1786.0 9.154087e+02 1.372580e-05
1787.0 9.168662e+02 1.369462e-05
1788.0 9.180524e+02 1.366350e-05
1789.0 9.189674e+02 1.363250e-05
1790.0 9.196108e+02 1.360160e-05
1791.0 9.194370e+02 1.357077e-05
1792.0 9.163157e+02 1.354002e-05
1793.0 9.160195e+02 1.350937e-05
1794.0 9.163559e+02 1.347879e-05
1795.0 9.167687e+02 1.344831e-05
1796.0 9.172576e+02 1.341791e-05
1797.0 9.180654e+02 1.338761e-05
1798.0 9.201083e+02 1.335738e-05
1799.0 9.206691e+02 1.332723e-05
1800.0 9.208682e+02 1.329720e-05
1801.0 9.209823e+02 1.326720e-05
1802.0 9.210110e+02 1.323734e-05
1803.0 9.209547e+02 1.320752e-05
1804.0 9.208101e+02 1.317780e-05
1805.0 9.206325e+02 1.314816e-05
1806.0 9.207932e+02 1.311863e-05
1807.0 9.209533e+02 1.308915e-05
1808.0 9.210443e+02 1.305976e-05
1809.0 9.207240e+02 1.303046e-05
1810.0 9.185443e+02 1.300123e-05
1811.0 9.175442e+02 1.297210e-05
1812.0 9.169541e+02 1.294300e-05
1813.0 9.165457e+02 1.291405e-05
1814.0 9.163186e+02 1.288515e-05
1815.0 9.162732e+02 1.285635e-05
1816.0 9.164093e+02 1.282760e-05
1817.0 9.167948e+02 1.279895e-05
1818.0 9.177190e+02 1.277038e-05
1819.0 9.185884e+02 1.274188e-05
1820.0 9.195573e+02 1.271347e-05
1821.0 9.206705e+02 1.268513e-05
1822.0 9.219284e+02 1.265687e-05
1823.0 9.231214e+02 1.262869e-05
1824.0 9.234014e+02 1.260060e-05
1825.0 9.248284e+02 1.257260e-05
1826.0 9.267144e+02 1.254462e-05
1827.0 9.288767e+02 1.251674e-05
1828.0 9.313150e+02 1.248896e-05
1829.0 9.340295e+02 1.246124e-05
1830.0 9.371501e+02 1.243361e-05
1831.0 9.411862e+02 1.240604e-05
1832.0 9.447756e+02 1.237857e-05
1833.0 9.484386e+02 1.235115e-05
1834.0 9.523069e+02 1.232383e-05
1835.0 9.563805e+02 1.229657e-05
1836.0 9.606593e+02 1.226938e-05
1837.0 9.638496e+02 1.224230e-05
1838.0 9.609048e+02 1.221526e-05
1839.0 9.654950e+02 1.218830e-05
1840.0 9.723441e+02 1.216142e-05
1841.0 9.801202e+02 1.213460e-05
1842.0 9.888231e+02 1.210788e-05
1843.0 9.984528e+02 1.208121e-05
1844.0 1.009104e+03 1.205462e-05
1845.0 1.021004e+03 1.202810e-05
1846.0 1.032481e+03 1.200166e-05
1847.0 1.044598e+03 1.197530e-05
1848.0 1.057582e+03 1.194899e-05
1849.0 1.071436e+03 1.192276e-05
1850.0 1.082587e+03 1.189663e-05
1851.0 1.076855e+03 1.187052e-05
1852.0 1.090662e+03 1.184450e-05
1853.0 1.110560e+03 1.181858e-05
1854.0 1.133099e+03 1.179272e-05
1855.0 1.158278e+03 1.176691e-05
1856.0 1.186096e+03 1.174120e-05
1857.0 1.216551e+03 1.171554e-05
1858.0 1.249650e+03 1.168995e-05
1859.0 1.281172e+03 1.166442e-05
1860.0 1.294746e+03 1.163899e-05
1861.0 1.335212e+03 1.161360e-05
1862.0 1.385082e+03 1.158829e-05
1863.0 1.439953e+03 1.156306e-05
1864.0 1.497070e+03 1.153788e-05
1865.0 1.545507e+03 1.151280e-05
1866.0 1.613610e+03 1.148772e-05
1867.0 1.691311e+03 1.146280e-05
1868.0 1.775996e+03 1.143787e-05
1869.0 1.867665e+03 1.141305e-05
1870.0 1.966317e+03 1.138829e-05
1871.0 2.078209e+03 1.136360e-05
1872.0 2.227628e+03 1.133896e-05
1873.0 2.347915e+03 1.131439e-05
1874.0 2.465522e+03 1.128989e-05
1875.0 2.587069e+03 1.126546e-05
1876.0 2.712550e+03 1.124110e-05
1877.0 2.841969e+03 1.121680e-05
1878.0 2.935262e+03 1.119256e-05
1879.0 2.832592e+03 1.116840e-05
1880.0 2.938423e+03 1.114430e-05
1881.0 3.101900e+03 1.112030e-05
1882.0 3.284464e+03 1.109630e-05
1883.0 3.486107e+03 1.107237e-05
1884.0 3.706840e+03 1.104853e-05
1885.0 3.946654e+03 1.102476e-05
1886.0 4.205554e+03 1.100104e-05
1887.0 4.483538e+03 1.097738e-05
1888.0 4.780606e+03 1.095379e-05
1889.0 5.085876e+03 1.093028e-05
1890.0 5.351819e+03 1.090680e-05
1891.0 5.667365e+03 1.088341e-05
1892.0 6.009630e+03 1.086007e-05
1893.0 6.417514e+03 1.083679e-05
1894.0 7.083490e+03 1.081356e-05
1895.0 7.594332e+03 1.079043e-05
1896.0 8.051016e+03 1.076731e-05
1897.0 8.483969e+03 1.074430e-05
1898.0 8.893187e+03 1.072133e-05
1899.0 9.278672e+03 1.069843e-05
1900.0 9.629414e+03 1.067558e-05
1901.0 9.900385e+03 1.065281e-05
1902.0 1.019767e+04 1.063009e-05
1903.0 1.048743e+04 1.060742e-05
1904.0 1.076055e+04 1.058483e-05
1905.0 1.101703e+04 1.056228e-05
1906.0 1.125685e+04 1.053980e-05
1907.0 1.146576e+04 1.051738e-05
1908.0 1.158702e+04 1.049503e-05
1909.0 1.176530e+04 1.047271e-05
1910.0 1.194617e+04 1.045048e-05
1911.0 1.211576e+04 1.042829e-05
1912.0 1.227409e+04 1.040616e-05
1913.0 1.242109e+04 1.038410e-05
1914.0 1.255683e+04 1.036210e-05
1915.0 1.268130e+04 1.034014e-05
1916.0 1.279449e+04 1.031825e-05
1917.0 1.289637e+04 1.029642e-05
1918.0 1.298699e+04 1.027464e-05
1919.0 1.305277e+04 1.025294e-05
1920.0 1.304306e+04 1.023127e-05
1921.0 1.311227e+04 1.020966e-05
1922.0 1.319811e+04 1.018812e-05
1923.0 1.330389e+04 1.016662e-05
1924.0 1.340033e+04 1.014519e-05
1925.0 1.348549e+04 1.012381e-05
1926.0 1.356000e+04 1.010248e-05
1927.0 1.362383e+04 1.008122e-05
1928.0 1.367703e+04 1.006002e-05
1929.0 1.371359e+04 1.003885e-05
1930.0 1.370807e+04 1.001777e-05
1931.0 1.371211e+04 9.996713e-06
1932.0 1.371289e+04 9.975734e-06
1933.0 1.370646e+04 9.954802e-06
1934.0 1.369289e+04 9.933925e-06
1935.0 1.367214e+04 9.913103e-06
1936.0 1.364423e+04 9.892336e-06
1937.0 1.360911e+04 9.871621e-06
1938.0 1.356686e+04 9.850960e-06
1939.0 1.351449e+04 9.830355e-06
1940.0 1.344154e+04 9.809805e-06
1941.0 1.338416e+04 9.789305e-06
1942.0 1.332554e+04 9.768861e-06
1943.0 1.326171e+04 9.748471e-06
1944.0 1.318825e+04 9.728132e-06
1945.0 1.308662e+04 9.707844e-06
1946.0 1.299658e+04 9.687613e-06
1947.0 1.290744e+04 9.667432e-06
1948.0 1.281610e+04 9.647305e-06
1949.0 1.272259e+04 9.627231e-06
1950.0 1.262688e+04 9.607209e-06
1951.0 1.252897e+04 9.587237e-06
1952.0 1.242622e+04 9.567318e-06
1953.0 1.230843e+04 9.547451e-06
1954.0 1.220585e+04 9.527634e-06
1955.0 1.210549e+04 9.507871e-06
1956.0 1.200414e+04 9.488158e-06
1957.0 1.190184e+04 9.468497e-06
1958.0 1.179857e+04 9.448884e-06
1959.0 1.169037e+04 9.429325e-06
1960.0 1.156109e+04 9.409813e-06
1961.0 1.144862e+04 9.390355e-06
1962.0 1.134049e+04 9.370944e-06
1963.0 1.123331e+04 9.351586e-06
1964.0 1.112708e+04 9.332276e-06
1965.0 1.102179e+04 9.313015e-06
1966.0 1.091743e+04 9.293806e-06
1967.0 1.081603e+04 9.274644e-06
1968.0 1.072559e+04 9.255534e-06
1969.0 1.062624e+04 9.236472e-06
1970.0 1.052520e+04 9.217460e-06
1971.0 1.042420e+04 9.198496e-06
1972.0 1.032333e+04 9.179580e-06
1973.0 1.022255e+04 9.160715e-06
1974.0 1.012187e+04 9.141896e-06
1975.0 1.002012e+04 9.123126e-06
1976.0 9.912648e+03 9.104403e-06
1977.0 9.811725e+03 9.085731e-06
1978.0 9.712599e+03 9.067103e-06
1979.0 9.614062e+03 9.048525e-06
1980.0 9.516119e+03 9.029992e-06
1981.0 9.418771e+03 9.011510e-06
1982.0 9.322018e+03 8.993073e-06
1983.0 9.224690e+03 8.974683e-06
1984.0 9.122105e+03 8.956343e-06
1985.0 9.025890e+03 8.938048e-06
1986.0 8.931843e+03 8.919800e-06
1987.0 8.838872e+03 8.901597e-06
1988.0 8.746981e+03 8.883442e-06
1989.0 8.656168e+03 8.865332e-06
1990.0 8.566439e+03 8.847267e-06
1991.0 8.478992e+03 8.829250e-06
1992.0 8.398564e+03 8.811278e-06
1993.0 8.312651e+03 8.793352e-06
1994.0 8.226096e+03 8.775472e-06
1995.0 8.140117e+03 8.757635e-06
1996.0 8.054715e+03 8.739847e-06
1997.0 7.969891e+03 8.722102e-06
1998.0 7.885645e+03 8.704404e-06
1999.0 7.800832e+03 8.686749e-06
2000.0 7.711030e+03 8.669138e-06
2001.0 7.628667e+03 8.651573e-06
2002.0 7.548626e+03 8.634050e-06
2003.0 7.469638e+03 8.616575e-06
2004.0 7.391708e+03 8.599142e-06
2005.0 7.314832e+03 8.581752e-06
2006.0 7.239012e+03 8.564409e-06
2007.0 7.164387e+03 8.547107e-06
2008.0 7.091298e+03 8.529849e-06
2009.0 7.017351e+03 8.512637e-06
2010.0 6.944065e+03 8.495466e-06
2011.0 6.871780e+03 8.478339e-06
2012.0 6.800493e+03 8.461255e-06
2013.0 6.730204e+03 8.444214e-06
2014.0 6.660913e+03 8.427216e-06
2015.0 6.594051e+03 8.410262e-06
2016.0 6.535444e+03 8.393347e-06
2017.0 6.471270e+03 8.376477e-06
2018.0 6.406252e+03 8.359651e-06
2019.0 6.341640e+03 8.342863e-06
2020.0 6.277429e+03 8.326120e-06
2021.0 6.213624e+03 8.309417e-06
2022.0 6.150220e+03 8.292759e-06
2023.0 6.086185e+03 8.276140e-06
2024.0 6.017378e+03 8.259561e-06
2025.0 5.954083e+03 8.243031e-06
2026.0 5.892585e+03 8.226533e-06
2027.0 5.831919e+03 8.210082e-06
2028.0 5.772091e+03 8.193671e-06
2029.0 5.713091e+03 8.177299e-06
2030.0 5.654926e+03 8.160970e-06
2031.0 5.596065e+03 8.144678e-06
2032.0 5.530501e+03 8.128433e-06
2033.0 5.474031e+03 8.112225e-06
2034.0 5.420556e+03 8.096058e-06
2035.0 5.368532e+03 8.079931e-06
2036.0 5.317961e+03 8.063842e-06
2037.0 5.268843e+03 8.047794e-06
2038.0 5.221176e+03 8.031787e-06
2039.0 5.178897e+03 8.015822e-06
2040.0 5.157552e+03 7.999893e-06
2041.0 5.116685e+03 7.984003e-06
2042.0 5.071999e+03 7.968155e-06
2043.0 5.027447e+03 7.952345e-06
2044.0 4.983030e+03 7.936577e-06
2045.0 4.938751e+03 7.920844e-06
2046.0 4.894608e+03 7.905151e-06
2047.0 4.850600e+03 7.889498e-06
2048.0 4.806729e+03 7.873882e-06
2049.0 4.764372e+03 7.858305e-06
2050.0 4.729309e+03 7.842769e-06
2051.0 4.689037e+03 7.827268e-06
2052.0 4.647420e+03 7.811806e-06
2053.0 4.605511e+03 7.796383e-06
2054.0 4.563312e+03 7.781001e-06
2055.0 4.520825e+03 7.765649e-06
2056.0 4.475129e+03 7.750341e-06
2057.0 4.414211e+03 7.735071e-06
2058.0 4.365829e+03 7.719836e-06
2059.0 4.320845e+03 7.704639e-06
2060.0 4.276820e+03 7.689480e-06
2061.0 4.233750e+03 7.674359e-06
2062.0 4.191640e+03 7.659272e-06
2063.0 4.150486e+03 7.644226e-06
2064.0 4.110291e+03 7.629213e-06
2065.0 4.071922e+03 7.614240e-06
2066.0 4.038894e+03 7.599304e-06
2067.0 4.002749e+03 7.584402e-06
2068.0 3.966459e+03 7.569537e-06
2069.0 3.930796e+03 7.554710e-06
2070.0 3.895760e+03 7.539917e-06
2071.0 3.861356e+03 7.525164e-06
2072.0 3.827577e+03 7.510441e-06
2073.0 3.794689e+03 7.495759e-06
2074.0 3.763677e+03 7.481109e-06
2075.0 3.731630e+03 7.466500e-06
2076.0 3.699814e+03 7.451922e-06
2077.0 3.668537e+03 7.437384e-06
2078.0 3.637798e+03 7.422876e-06
2079.0 3.607599e+03 7.408407e-06
2080.0 3.577938e+03 7.393973e-06
2081.0 3.548819e+03 7.379572e-06
2082.0 3.521548e+03 7.365208e-06
2083.0 3.501356e+03 7.350877e-06
2084.0 3.475034e+03 7.336583e-06
2085.0 3.447547e+03 7.322324e-06
2086.0 3.420158e+03 7.308099e-06
2087.0 3.392871e+03 7.293906e-06
2088.0 3.365683e+03 7.279749e-06
2089.0 3.338597e+03 7.265628e-06
2090.0 3.311609e+03 7.251541e-06
2091.0 3.285197e+03 7.237485e-06
2092.0 3.260461e+03 7.223466e-06
2093.0 3.228450e+03 7.209481e-06
2094.0 3.193990e+03 7.195527e-06
2095.0 3.158180e+03 7.181610e-06
2096.0 3.121022e+03 7.167722e-06
2097.0 3.082513e+03 7.153871e-06
2098.0 3.042661e+03 7.140052e-06
2099.0 3.001457e+03 7.126269e-06
2100.0 2.962632e+03 7.112518e-06
2101.0 2.944930e+03 7.098799e-06
2102.0 2.930718e+03 7.085114e-06
2103.0 2.916431e+03 7.071461e-06
2104.0 2.902077e+03 7.057841e-06
2105.0 2.887650e+03 7.044254e-06
2106.0 2.873153e+03 7.030701e-06
2107.0 2.858585e+03 7.017180e-06
2108.0 2.843945e+03 7.003692e-06
2109.0 2.829233e+03 6.990235e-06
2110.0 2.814449e+03 6.976810e-06
2111.0 2.799598e+03 6.963418e-06
2112.0 2.784670e+03 6.950057e-06
2113.0 2.769674e+03 6.936731e-06
2114.0 2.754609e+03 6.923434e-06
2115.0 2.739471e+03 6.910170e-06
2116.0 2.724260e+03 6.896937e-06
2117.0 2.707886e+03 6.883737e-06
2118.0 2.686321e+03 6.870567e-06
2119.0 2.672286e+03 6.857428e-06
2120.0 2.659503e+03 6.844323e-06
2121.0 2.646502e+03 6.831248e-06
2122.0 2.633284e+03 6.818205e-06
2123.0 2.619847e+03 6.805191e-06
2124.0 2.606192e+03 6.792210e-06
2125.0 2.592317e+03 6.779257e-06
2126.0 2.576880e+03 6.766338e-06
2127.0 2.554489e+03 6.753449e-06
2128.0 2.538605e+03 6.740591e-06
2129.0 2.524205e+03 6.727763e-06
2130.0 2.509997e+03 6.714964e-06
2131.0 2.495983e+03 6.702197e-06
2132.0 2.482165e+03 6.689460e-06
2133.0 2.468543e+03 6.676753e-06
2134.0 2.455115e+03 6.664078e-06
2135.0 2.441643e+03 6.651429e-06
2136.0 2.427199e+03 6.638813e-06
2137.0 2.414275e+03 6.626227e-06
2138.0 2.401872e+03 6.613670e-06
2139.0 2.389741e+03 6.601142e-06
2140.0 2.377881e+03 6.588645e-06
2141.0 2.366294e+03 6.576178e-06
2142.0 2.354976e+03 6.563738e-06
2143.0 2.343932e+03 6.551330e-06
2144.0 2.333244e+03 6.538952e-06
2145.0 2.323239e+03 6.526599e-06
2146.0 2.312902e+03 6.514279e-06
2147.0 2.302700e+03 6.501985e-06
2148.0 2.292750e+03 6.489722e-06
2149.0 2.283043e+03 6.477486e-06
2150.0 2.273588e+03 6.465283e-06
2151.0 2.264379e+03 6.453105e-06
2152.0 2.255419e+03 6.440956e-06
2153.0 2.246707e+03 6.428840e-06
2154.0 2.238735e+03 6.416746e-06
2155.0 2.233465e+03 6.404683e-06
2156.0 2.225924e+03 6.392648e-06
2157.0 2.218006e+03 6.380641e-06
2158.0 2.210188e+03 6.368663e-06
2159.0 2.202474e+03 6.356712e-06
2160.0 2.194862e+03 6.344791e-06
2161.0 2.187352e+03 6.332897e-06
2162.0 2.179943e+03 6.321031e-06
2163.0 2.172335e+03 6.309191e-06
2164.0 2.163333e+03 6.297381e-06
2165.0 2.156093e+03 6.285597e-06
2166.0 2.149364e+03 6.273842e-06
2167.0 2.142836e+03 6.262113e-06
2168.0 2.136512e+03 6.250413e-06
2169.0 2.130385e+03 6.238740e-06
2170.0 2.124461e+03 6.227093e-06
2171.0 2.118736e+03 6.215474e-06
2172.0 2.113414e+03 6.203882e-06
2173.0 2.109255e+03 6.192317e-06
2174.0 2.104108e+03 6.180778e-06
2175.0 2.098882e+03 6.169268e-06
2176.0 2.093805e+03 6.157780e-06
2177.0 2.088873e+03 6.146325e-06
2178.0 2.084088e+03 6.134892e-06
2179.0 2.079448e+03 6.123488e-06
2180.0 2.074957e+03 6.112110e-06
2181.0 2.070610e+03 6.100757e-06
2182.0 2.066535e+03 6.089433e-06
2183.0 2.063265e+03 6.078133e-06
2184.0 2.059702e+03 6.066860e-06
2185.0 2.056165e+03 6.055614e-06
2186.0 2.052737e+03 6.044390e-06
2187.0 2.049425e+03 6.033198e-06
2188.0 2.046225e+03 6.022029e-06
2189.0 2.043138e+03 6.010885e-06
2190.0 2.040165e+03 5.999770e-06
2191.0 2.037303e+03 5.988676e-06
2192.0 2.034412e+03 5.977610e-06
2193.0 2.030911e+03 5.966568e-06
2194.0 2.028122e+03 5.955552e-06
2195.0 2.025603e+03 5.944562e-06
2196.0 2.023237e+03 5.933599e-06
2197.0 2.021025e+03 5.922660e-06
2198.0 2.018962e+03 5.911747e-06
2199.0 2.017057e+03 5.900857e-06
2200.0 2.015300e+03 5.889992e-06
2201.0 2.013794e+03 5.879155e-06
2202.0 2.012939e+03 5.868340e-06
2203.0 2.011847e+03 5.857549e-06
2204.0 2.010797e+03 5.846788e-06
2205.0 2.009874e+03 5.836048e-06
2206.0 2.009070e+03 5.825330e-06
2207.0 2.008389e+03 5.814643e-06
2208.0 2.007831e+03 5.803978e-06
2209.0 2.007396e+03 5.793335e-06
2210.0 2.007082e+03 5.782719e-06
2211.0 2.006719e+03 5.772124e-06
2212.0 2.005611e+03 5.761556e-06
2213.0 2.005472e+03 5.751012e-06
2214.0 2.005668e+03 5.740491e-06
2215.0 2.006030e+03 5.729993e-06
2216.0 2.006562e+03 5.719521e-06
2217.0 2.007263e+03 5.709075e-06
2218.0 2.008137e+03 5.698649e-06
2219.0 2.009178e+03 5.688248e-06
2220.0 2.010389e+03 5.677871e-06
2221.0 2.011883e+03 5.667516e-06
2222.0 2.014111e+03 5.657189e-06
2223.0 2.015900e+03 5.646881e-06
2224.0 2.017714e+03 5.636599e-06
2225.0 2.019668e+03 5.626339e-06
2226.0 2.021760e+03 5.616105e-06
2227.0 2.023991e+03 5.605886e-06
2228.0 2.026363e+03 5.595694e-06
2229.0 2.028870e+03 5.585528e-06
2230.0 2.031520e+03 5.575383e-06
2231.0 2.034420e+03 5.565264e-06
2232.0 2.038023e+03 5.555165e-06
2233.0 2.041207e+03 5.545091e-06
2234.0 2.044396e+03 5.535039e-06
2235.0 2.047692e+03 5.525011e-06
2236.0 2.051102e+03 5.515002e-06
2237.0 2.054617e+03 5.505020e-06
2238.0 2.058242e+03 5.495057e-06
2239.0 2.061976e+03 5.485121e-06
2240.0 2.065820e+03 5.475202e-06
2241.0 2.069465e+03 5.465309e-06
2242.0 2.071698e+03 5.455439e-06
2243.0 2.075684e+03 5.445587e-06
2244.0 2.080170e+03 5.435763e-06
2245.0 2.084846e+03 5.425957e-06
2246.0 2.089714e+03 5.416173e-06
2247.0 2.094773e+03 5.406412e-06
2248.0 2.100023e+03 5.396674e-06
2249.0 2.105465e+03 5.386957e-06
2250.0 2.111097e+03 5.377261e-06
2251.0 2.116929e+03 5.367590e-06
2252.0 2.122972e+03 5.357936e-06
2253.0 2.129037e+03 5.348306e-06
2254.0 2.135265e+03 5.338700e-06
2255.0 2.141680e+03 5.329111e-06
2256.0 2.148285e+03 5.319548e-06
2257.0 2.155075e+03 5.310003e-06
2258.0 2.162056e+03 5.300481e-06
2259.0 2.169227e+03 5.290982e-06
2260.0 2.176586e+03 5.281500e-06
2261.0 2.184359e+03 5.272042e-06
2262.0 2.193465e+03 5.262602e-06
2263.0 2.201677e+03 5.253189e-06
2264.0 2.209808e+03 5.243794e-06
2265.0 2.218067e+03 5.234418e-06
2266.0 2.226453e+03 5.225065e-06
2267.0 2.234970e+03 5.215731e-06
2268.0 2.243615e+03 5.206420e-06
2269.0 2.252387e+03 5.197128e-06
2270.0 2.261287e+03 5.187860e-06
2271.0 2.269910e+03 5.178609e-06
2272.0 2.276632e+03 5.169380e-06
2273.0 2.285572e+03 5.160171e-06
2274.0 2.295139e+03 5.150984e-06
2275.0 2.304933e+03 5.141818e-06
2276.0 2.314952e+03 5.132669e-06
2277.0 2.325201e+03 5.123545e-06
2278.0 2.335677e+03 5.114438e-06
2279.0 2.346380e+03 5.105350e-06
2280.0 2.357310e+03 5.096284e-06
2281.0 2.368466e+03 5.087238e-06
2282.0 2.380142e+03 5.078212e-06
2283.0 2.393458e+03 5.069206e-06
2284.0 2.405306e+03 5.060220e-06
2285.0 2.416993e+03 5.051254e-06
2286.0 2.428832e+03 5.042307e-06
2287.0 2.440830e+03 5.033380e-06
2288.0 2.452983e+03 5.024471e-06
2289.0 2.465291e+03 5.015587e-06
2290.0 2.477755e+03 5.006720e-06
2291.0 2.490376e+03 4.997872e-06
2292.0 2.502877e+03 4.989045e-06
2293.0 2.514210e+03 4.980232e-06
2294.0 2.527361e+03 4.971445e-06
2295.0 2.541047e+03 4.962675e-06
2296.0 2.554957e+03 4.953924e-06
2297.0 2.569086e+03 4.945194e-06
2298.0 2.583436e+03 4.936480e-06
2299.0 2.598009e+03 4.927788e-06
2300.0 2.612803e+03 4.919112e-06
2301.0 2.627817e+03 4.910458e-06
2302.0 2.643052e+03 4.901823e-06
2303.0 2.658405e+03 4.893204e-06
2304.0 2.673416e+03 4.884606e-06
2305.0 2.688866e+03 4.876027e-06
2306.0 2.704614e+03 4.867467e-06
2307.0 2.720605e+03 4.858927e-06
2308.0 2.736840e+03 4.850402e-06
2309.0 2.753323e+03 4.841900e-06
2310.0 2.770048e+03 4.833413e-06
2311.0 2.787019e+03 4.824947e-06
2312.0 2.804235e+03 4.816498e-06
2313.0 2.822338e+03 4.808067e-06
2314.0 2.843934e+03 4.799659e-06
2315.0 2.862715e+03 4.791264e-06
2316.0 2.880989e+03 4.782889e-06
2317.0 2.899352e+03 4.774533e-06
2318.0 2.917805e+03 4.766195e-06
2319.0 2.936345e+03 4.757874e-06
2320.0 2.954973e+03 4.749571e-06
2321.0 2.973688e+03 4.741289e-06
2322.0 2.992492e+03 4.733020e-06
2323.0 3.011383e+03 4.724775e-06
2324.0 3.028026e+03 4.716545e-06
2325.0 3.033166e+03 4.708330e-06
2326.0 3.050710e+03 4.700139e-06
2327.0 3.071229e+03 4.691962e-06
2328.0 3.092350e+03 4.683803e-06
2329.0 3.114073e+03 4.675663e-06
2330.0 3.136402e+03 4.667540e-06
2331.0 3.159333e+03 4.659432e-06
2332.0 3.182866e+03 4.651347e-06
2333.0 3.207005e+03 4.643276e-06
2334.0 3.231747e+03 4.635223e-06
2335.0 3.260617e+03 4.627187e-06
2336.0 3.307426e+03 4.619170e-06
2337.0 3.335384e+03 4.611169e-06
2338.0 3.359450e+03 4.603185e-06
2339.0 3.383343e+03 4.595219e-06
2340.0 3.407062e+03 4.587269e-06
2341.0 3.430609e+03 4.579338e-06
2342.0 3.453982e+03 4.571420e-06
2343.0 3.477182e+03 4.563526e-06
2344.0 3.500210e+03 4.555644e-06
2345.0 3.523061e+03 4.547780e-06
2346.0 3.545954e+03 4.539934e-06
2347.0 3.570084e+03 4.532105e-06
2348.0 3.594989e+03 4.524290e-06
2349.0 3.619805e+03 4.516496e-06
2350.0 3.644397e+03 4.508718e-06
2351.0 3.668770e+03 4.500954e-06
2352.0 3.692921e+03 4.493208e-06
2353.0 3.716854e+03 4.485480e-06
2354.0 3.740565e+03 4.477770e-06
2355.0 3.764055e+03 4.470071e-06
2356.0 3.787325e+03 4.462391e-06
2357.0 3.807251e+03 4.454729e-06
2358.0 3.811162e+03 4.447082e-06
2359.0 3.829395e+03 4.439452e-06
2360.0 3.850945e+03 4.431840e-06
2361.0 3.872965e+03 4.424242e-06
2362.0 3.895459e+03 4.416659e-06
2363.0 3.918427e+03 4.409094e-06
2364.0 3.941866e+03 4.401545e-06
2365.0 3.965781e+03 4.394014e-06
2366.0 3.990166e+03 4.386496e-06
2367.0 4.015023e+03 4.378995e-06
2368.0 4.041638e+03 4.371512e-06
2369.0 4.075240e+03 4.364043e-06
2370.0 4.103478e+03 4.356589e-06
2371.0 4.130775e+03 4.349154e-06
2372.0 4.158275e+03 4.341733e-06
2373.0 4.185985e+03 4.334330e-06
2374.0 4.213900e+03 4.326938e-06
2375.0 4.242019e+03 4.319564e-06
2376.0 4.270346e+03 4.312208e-06
2377.0 4.298880e+03 4.304867e-06
2378.0 4.327617e+03 4.297537e-06
2379.0 4.356560e+03 4.290230e-06
2380.0 4.384810e+03 4.282932e-06
2381.0 4.408738e+03 4.275653e-06
2382.0 4.437354e+03 4.268389e-06
2383.0 4.467229e+03 4.261138e-06
2384.0 4.497491e+03 4.253904e-06
2385.0 4.528145e+03 4.246687e-06
2386.0 4.559182e+03 4.239484e-06
2387.0 4.590607e+03 4.232296e-06
2388.0 4.622422e+03 4.225124e-06
2389.0 4.654623e+03 4.217967e-06
2390.0 4.687211e+03 4.210823e-06
2391.0 4.721263e+03 4.203696e-06
2392.0 4.761047e+03 4.196583e-06
2393.0 4.795575e+03 4.189488e-06
2394.0 4.829171e+03 4.182407e-06
2395.0 4.862918e+03 4.175339e-06
2396.0 4.896820e+03 4.168285e-06
2397.0 4.930877e+03 4.161249e-06
2398.0 4.965080e+03 4.154226e-06
2399.0 4.999441e+03 4.147220e-06
2400.0 5.033957e+03 4.140226e-06
2401.0 5.068622e+03 4.133248e-06
2402.0 5.103016e+03 4.126284e-06
2403.0 5.135500e+03 4.119336e-06
2404.0 5.170662e+03 4.112402e-06
2405.0 5.206537e+03 4.105483e-06
2406.0 5.242642e+03 4.098580e-06
2407.0 5.278983e+03 4.091686e-06
2408.0 5.315553e+03 4.084810e-06
2409.0 5.352360e+03 4.077949e-06
2410.0 5.389396e+03 4.071101e-06
2411.0 5.426664e+03 4.064268e-06
2412.0 5.464168e+03 4.057450e-06
2413.0 5.501901e+03 4.050643e-06
2414.0 5.539949e+03 4.043855e-06
2415.0 5.578542e+03 4.037080e-06
2416.0 5.616509e+03 4.030318e-06
2417.0 5.654540e+03 4.023570e-06
2418.0 5.692795e+03 4.016837e-06
2419.0 5.731267e+03 4.010116e-06
2420.0 5.769961e+03 4.003410e-06
2421.0 5.808877e+03 3.996721e-06
2422.0 5.848010e+03 3.990043e-06
2423.0 5.887366e+03 3.983380e-06
2424.0 5.926943e+03 3.976730e-06
2425.0 5.966738e+03 3.970095e-06
2426.0 6.005244e+03 3.963475e-06
2427.0 6.036539e+03 3.956863e-06
2428.0 6.076468e+03 3.950271e-06
2429.0 6.118513e+03 3.943690e-06
2430.0 6.161058e+03 3.937124e-06
2431.0 6.204106e+03 3.930569e-06
2432.0 6.247651e+03 3.924031e-06
2433.0 6.291699e+03 3.917505e-06
2434.0 6.336249e+03 3.910990e-06
2435.0 6.381299e+03 3.904492e-06
2436.0 6.426849e+03 3.898008e-06
2437.0 6.472901e+03 3.891536e-06
2438.0 6.516608e+03 3.885078e-06
2439.0 6.546548e+03 3.878632e-06
2440.0 6.590984e+03 3.872200e-06
2441.0 6.639178e+03 3.865782e-06
2442.0 6.688400e+03 3.859380e-06
2443.0 6.738649e+03 3.852985e-06
2444.0 6.789925e+03 3.846605e-06
2445.0 6.842231e+03 3.840240e-06
2446.0 6.895562e+03 3.833888e-06
2447.0 6.949922e+03 3.827549e-06
2448.0 7.005310e+03 3.821224e-06
2449.0 7.061727e+03 3.814910e-06
